0000 0000 0000 0000 0000 001E,0.105323824417602,-5.75,0.0174232960161459,2016-02-05 19:14:03:880
0000 0000 0000 0000 0000 001E,0.791893042491081,-1.8125,0.130999676177185,2016-02-05 19:14:03:930
0000 0000 0000 0000 0000 001E,-0.148185330905465,-1.1875,-0.0245137023830381,2016-02-05 19:14:03:976
0000 0000 0000 0000 0000 001E,-0.270978818850297,1.8125,-0.0448269344665504,2016-02-05 19:14:04:044
0000 0000 0000 0000 0000 001E,-0.221132765861089,-3.9375,-0.0360836713398568,2016-02-05 19:14:04:153
0000 0000 0000 0000 0000 001E,0,-11.5625,0,2016-02-05 19:14:04:180
0000 0000 0000 0000 0000 001E,-0.974727718412399,-5.1875,-0.159052660061855,2016-02-05 19:14:04:189
0000 0000 0000 0000 0000 001E,0.222967959206972,-3.3125,0.0363831317716027,2016-02-05 19:14:04:215
0000 0000 0000 0000 0000 001E,-0.27418327851757,2.6875,-0.0447402684554098,2016-02-05 19:14:04:240
0000 0000 0000 0000 0000 001E,-0.0679697722653751,-4.5625,-0.0112007314911357,2016-02-05 19:14:04:328
0000 0000 0000 0000 0000 001E,0.404206332781458,-1.8125,0.0666091182831295,2016-02-05 19:14:04:346
0000 0000 0000 0000 0000 001E,0.43001431087627,5.1875,0.0708620122289925,2016-02-05 19:14:04:388
0000 0000 0000 0000 0000 001E,0.0771515676493162,-7,0.0127137985689617,2016-02-05 19:14:04:432
0000 0000 0000 0000 0000 001E,-0.12448744369848,3.9375,-0.0205142725127954,2016-02-05 19:14:04:444
0000 0000 0000 0000 0000 001E,-0.751346412771691,15.5625,-0.12226955456008,2016-02-05 19:14:04:602
0000 0000 0000 0000 0000 001E,0.0438470950071854,-2.6875,0.00713541009067296,2016-02-05 19:14:04:639
0000 0000 0000 0000 0000 001E,-0.113395552717138,-3.3125,-0.0188312570247116,2016-02-05 19:14:04:701
0000 0000 0000 0000 0000 001E,-0.09691485138689,7,-0.0160943567207678,2016-02-05 19:14:04:721
0000 0000 0000 0000 0000 001E,0.393653100775196,-6.375,0.0653727817506553,2016-02-05 19:14:04:737
0000 0000 0000 0000 0000 001E,-0.442229117780248,8.5,-0.0734396542120533,2016-02-05 19:14:04:762
0000 0000 0000 0000 0000 001E,0.570688697989714,-4.5625,0.0947725487943063,2016-02-05 19:14:04:775
0000 0000 0000 0000 0000 001E,-0.170974307348885,6.375,-0.0283931869386469,2016-02-05 19:14:04:797
0000 0000 0000 0000 0000 001E,0.0311245059918397,-2.6875,0.0051687527249111,2016-02-05 19:14:04:813
0000 0000 0000 0000 0000 001E,-0.246345416477474,-0.5625,-0.0409098394371671,2016-02-05 19:14:04:833
0000 0000 0000 0000 0000 001E,0.0532825458315164,2.6875,0.0088484714915333,2016-02-05 19:14:04:851
0000 0000 0000 0000 0000 001E,-0.107380640833922,9.125,-0.0178323787712021,2016-02-05 19:14:04:874
0000 0000 0000 0000 0000 001E,-0.737419943505983,-3.3125,-0.120198849797226,2016-02-05 19:14:04:930
0000 0000 0000 0000 0000 001E,-0.114521440856853,2.6875,-0.0186669015251595,2016-02-05 19:14:04:942
0000 0000 0000 0000 0000 001E,-0.454841944109021,-7.875,-0.0741388661954395,2016-02-05 19:14:04:971
0000 0000 0000 0000 0000 001E,-0.963367287456654,5.75,-0.157028082715021,2016-02-05 19:14:04:988
0000 0000 0000 0000 0000 001E,-0.767696191379777,-3.9375,-0.125133853525636,2016-02-05 19:14:05:044
0000 0000 0000 0000 0000 001E,-1.39438245589793,18.875,-0.227283203895343,2016-02-05 19:14:05:066
0000 0000 0000 0000 0000 001E,-1.05053462793976,0.5625,-0.174266181024013,2016-02-05 19:14:05:198
0000 0000 0000 0000 0000 001E,-0.59624800394514,0.5625,-0.0989076036403329,2016-02-05 19:14:05:209
0000 0000 0000 0000 0000 001E,-1.57760949943117,8.5,-0.261699115194555,2016-02-05 19:14:05:231
0000 0000 0000 0000 0000 001E,-0.671512627367631,-0.5625,-0.111392749908924,2016-02-05 19:14:05:247
0000 0000 0000 0000 0000 001E,-1.96841588279972,9.75,-0.324731792598249,2016-02-05 19:14:05:339
0000 0000 0000 0000 0000 001E,-2.19789002557545,-28.0625,-0.36258840124973,2016-02-05 19:14:05:386
0000 0000 0000 0000 0000 001E,-3.61973675501385,10.9375,-0.597152062966267,2016-02-05 19:14:05:492
0000 0000 0000 0000 0000 001E,0.165579514033807,-14.9375,0.0270333900463359,2016-02-05 19:14:05:644
0000 0000 0000 0000 0000 001E,-0.534395093255508,-25.3125,-0.0872481784906952,2016-02-05 19:14:05:666
0000 0000 0000 0000 0000 001E,-0.643564065147808,-10.375,-0.104220901238511,2016-02-05 19:14:05:757
0000 0000 0000 0000 0000 001E,-1.6080814931013,-3.9375,-0.260418055562963,2016-02-05 19:14:05:786
0000 0000 0000 0000 0000 001E,-2.49512065294535,-2.6875,-0.40406812193447,2016-02-05 19:14:05:793
0000 0000 0000 0000 0000 001E,-3.0099529109589,2.6875,-0.487441766956908,2016-02-05 19:14:05:824
0000 0000 0000 0000 0000 001E,-1.58955127256585,-1.1875,-0.257417210132121,2016-02-05 19:14:05:882
0000 0000 0000 0000 0000 001E,-1.28699553660235,-2.6875,-0.208420329814145,2016-02-05 19:14:05:902
0000 0000 0000 0000 0000 001E,-0.801659981853794,1.1875,-0.131671499893862,2016-02-05 19:14:05:960
0000 0000 0000 0000 0000 001E,-0.822345337674732,1.1875,-0.135069039858976,2016-02-05 19:14:06:002
0000 0000 0000 0000 0000 001E,-0.451610479097301,-3.3125,-0.0741763721484754,2016-02-05 19:14:06:041
0000 0000 0000 0000 0000 001E,-0.0493213383838382,-3.9375,-0.00810095894615465,2016-02-05 19:14:06:110
0000 0000 0000 0000 0000 001E,-0.819404851549053,0,-0.135625630601223,2016-02-05 19:14:06:481
0000 0000 0000 0000 0000 001E,-0.18292825700103,-1.1875,-0.030277780469136,2016-02-05 19:14:06:502
0000 0000 0000 0000 0000 001E,0.594215537138062,-7,0.0977060351556144,2016-02-05 19:14:06:590
0000 0000 0000 0000 0000 001E,-1.37631080774422,12.5,-0.223729743876058,2016-02-05 19:14:07:264
0000 0000 0000 0000 0000 001E,1.66738316503244,6.375,0.270605869358795,2016-02-05 19:14:07:605
0000 0000 0000 0000 0000 001E,0.656367084715708,-3.9375,0.106524276664708,2016-02-05 19:14:07:648
0000 0000 0000 0000 0000 001E,0.858719730790043,2.6875,0.139364846760624,2016-02-05 19:14:07:655
0000 0000 0000 0000 0000 001E,-0.211720867208672,7.875,-0.0343609738504743,2016-02-05 19:14:07:692
0000 0000 0000 0000 0000 001E,1.3689504410558,1.8125,0.222172102957392,2016-02-05 19:14:07:707
0000 0000 0000 0000 0000 001E,-1.11903472610397,27.4375,-0.181612343971431,2016-02-05 19:14:07:749
0000 0000 0000 0000 0000 001E,1.23970329988081,16.75,0.200870099899673,2016-02-05 19:14:08:388
0000 0000 0000 0000 0000 001E,-1.67693301667682,-21.3125,-0.274831961214447,2016-02-05 19:14:08:997
0000 0000 0000 0000 0000 001E,-1.2581036824919,4.5625,-0.205740585853132,2016-02-05 19:14:09:145
0000 0000 0000 0000 0000 001E,0.544140039580371,12.5,0.0889844709043943,2016-02-05 19:14:09:171
0000 0000 0000 0000 0000 001E,2.35144963041774,-6.375,0.384537960820563,2016-02-05 19:14:09:180
0000 0000 0000 0000 0000 001E,1.16470756880734,1.8125,0.190467304792697,2016-02-05 19:14:09:208
0000 0000 0000 0000 0000 001E,0.568688917865103,5.1875,0.0925952105072081,2016-02-05 19:14:09:288
0000 0000 0000 0000 0000 001E,0.456742012111067,3.9375,0.074367763165981,2016-02-05 19:14:09:308
0000 0000 0000 0000 0000 001E,0.895252507549611,-0.5625,0.145767029723139,2016-02-05 19:14:09:327
0000 0000 0000 0000 0000 001E,2.09386944159597,5.75,0.345618064637574,2016-02-05 19:14:09:463
0000 0000 0000 0000 0000 001E,2.00092644274248,4.5625,0.330276716821318,2016-02-05 19:14:09:499
0000 0000 0000 0000 0000 001E,1.16296378995943,-4.5625,0.191961010722328,2016-02-05 19:14:09:525
0000 0000 0000 0000 0000 001E,0.454976938128962,-10.9375,0.0750993570501725,2016-02-05 19:14:09:558
0000 0000 0000 0000 0000 001E,-0.256113952268559,11.5625,-0.0422746551199822,2016-02-05 19:14:09:573
0000 0000 0000 0000 0000 001E,0.542504583078718,-2.6875,0.0895468362715903,2016-02-05 19:14:09:621
0000 0000 0000 0000 0000 001E,0.631228117425262,10.375,0.102112933527948,2016-02-05 19:14:09:679
0000 0000 0000 0000 0000 001E,0.362411281718235,-11.5625,0.0586267913267569,2016-02-05 19:14:09:701
0000 0000 0000 0000 0000 001E,-1.47695477918935,7.875,-0.238925011462284,2016-02-05 19:14:09:714
0000 0000 0000 0000 0000 001E,-0.287996018743037,0.5625,-0.0465887331479704,2016-02-05 19:14:09:745
0000 0000 0000 0000 0000 001E,0.28538326287284,12.5,0.0461660711037218,2016-02-05 19:14:09:796
0000 0000 0000 0000 0000 001E,-0.593037000086753,-2.6875,-0.0959348072397012,2016-02-05 19:14:09:819
0000 0000 0000 0000 0000 001E,0.938525649162254,-3.3125,0.151824046777394,2016-02-05 19:14:09:847
0000 0000 0000 0000 0000 001E,2.23214285714286,4.5625,0.370070658824458,2016-02-05 19:14:10:091
0000 0000 0000 0000 0000 001E,2.51093997231013,3.9375,0.416292894000021,2016-02-05 19:14:10:137
0000 0000 0000 0000 0000 001E,2.80190485330963,8.5,0.464532443212428,2016-02-05 19:14:10:162
0000 0000 0000 0000 0000 001E,2.68199717285945,2.6875,0.444652750404993,2016-02-05 19:14:10:171
0000 0000 0000 0000 0000 001E,1.79974971887299,-7.875,0.298383484753743,2016-02-05 19:14:10:203
0000 0000 0000 0000 0000 001E,2.23869513558848,-3.9375,0.371156971912984,2016-02-05 19:14:10:221
0000 0000 0000 0000 0000 001E,2.11962859056064,-5.1875,0.345685554318125,2016-02-05 19:14:10:425
0000 0000 0000 0000 0000 001E,1.43125400751122,10.9375,0.233420061023846,2016-02-05 19:14:10:436
0000 0000 0000 0000 0000 001E,2.32257452741215,-5.1875,0.378783559784531,2016-02-05 19:14:10:461
0000 0000 0000 0000 0000 001E,2.76120170185775,9.125,0.453275245175006,2016-02-05 19:14:10:576
0000 0000 0000 0000 0000 001E,2.28108472895549,-0.5625,0.374459873426345,2016-02-05 19:14:10:615
0000 0000 0000 0000 0000 001E,1.85390890940037,2.6875,0.304335251885149,2016-02-05 19:14:10:631
0000 0000 0000 0000 0000 001E,1.58841241028909,3.3125,0.260751695259494,2016-02-05 19:14:10:660
0000 0000 0000 0000 0000 001E,1.78454647291479,1.8125,0.291671992304242,2016-02-05 19:14:10:715
0000 0000 0000 0000 0000 001E,1.7238323173602,3.9375,0.281748676223404,2016-02-05 19:14:10:736
0000 0000 0000 0000 0000 001E,1.42692059121052,8.5,0.233220472548709,2016-02-05 19:14:10:763
0000 0000 0000 0000 0000 001E,1.22677566453947,1.1875,0.200508144571964,2016-02-05 19:14:10:805
0000 0000 0000 0000 0000 001E,1.10197033741537,1.1875,0.180109562094585,2016-02-05 19:14:10:832
0000 0000 0000 0000 0000 001E,0.990744296936143,0.5625,0.161930421727509,2016-02-05 19:14:10:867
0000 0000 0000 0000 0000 001E,-0.856779235297445,0,-0.141033618979003,2016-02-05 19:14:10:993
0000 0000 0000 0000 0000 001E,-1.14148780733575,0.5625,-0.18789922754498,2016-02-05 19:14:11:028
0000 0000 0000 0000 0000 001E,-1.08937314080317,0,-0.179320681613691,2016-02-05 19:14:11:082
0000 0000 0000 0000 0000 001E,-1.51534254015052,-1.8125,-0.248620597235524,2016-02-05 19:14:11:148
0000 0000 0000 0000 0000 001E,-1.91798029441473,-1.1875,-0.314680934276411,2016-02-05 19:14:11:175
0000 0000 0000 0000 0000 001E,-2.49885542622046,-0.5625,-0.409984483383176,2016-02-05 19:14:11:220
0000 0000 0000 0000 0000 001E,-2.84787579533404,-3.3125,-0.46724787454209,2016-02-05 19:14:11:271
0000 0000 0000 0000 0000 001E,-3.00674084371123,-3.9375,-0.493312689698314,2016-02-05 19:14:11:293
0000 0000 0000 0000 0000 001E,-3.47155934010954,3.9375,-0.564634210915079,2016-02-05 19:14:11:423
0000 0000 0000 0000 0000 001E,-2.71275924113766,-3.9375,-0.441218635045432,2016-02-05 19:14:11:455
0000 0000 0000 0000 0000 001E,-3.96186562308634,6.375,-0.654313067396589,2016-02-05 19:14:11:546
0000 0000 0000 0000 0000 001E,-2.98939623540383,1.8125,-0.493707057870161,2016-02-05 19:14:11:585
0000 0000 0000 0000 0000 001E,-2.38892611773279,-2.6875,-0.394537756850997,2016-02-05 19:14:11:605
0000 0000 0000 0000 0000 001E,-2.78365507798738,-1.1875,-0.459728336579253,2016-02-05 19:14:11:683
0000 0000 0000 0000 0000 001E,-2.50153347015616,-2.6875,-0.406422984590766,2016-02-05 19:14:11:766
0000 0000 0000 0000 0000 001E,-2.08911653848113,1.8125,-0.339417796666308,2016-02-05 19:14:11:807
0000 0000 0000 0000 0000 001E,-2.32035633516546,3.3125,-0.376987219360758,2016-02-05 19:14:11:824
0000 0000 0000 0000 0000 001E,-1.91166574906711,-3.3125,-0.310587449076703,2016-02-05 19:14:11:841
0000 0000 0000 0000 0000 001E,-4.99142880282197,22.875,-0.810955126372375,2016-02-05 19:14:11:885
0000 0000 0000 0000 0000 001E,-4.43634118641382,9.125,-0.720770298361303,2016-02-05 19:14:11:904
0000 0000 0000 0000 0000 001E,-3.84076805286912,-3.3125,-0.631186204251293,2016-02-05 19:14:11:987
0000 0000 0000 0000 0000 001E,-1.29209992875559,-5.75,-0.212341812449564,2016-02-05 19:14:12:028
0000 0000 0000 0000 0000 001E,-1.15054889372579,0,-0.189079522387147,2016-02-05 19:14:12:053
0000 0000 0000 0000 0000 001E,-3.3494185710432,6.375,-0.555920094778955,2016-02-05 19:14:12:157
0000 0000 0000 0000 0000 001E,-1.74263572703185,-5.1875,-0.289234145565452,2016-02-05 19:14:12:175
0000 0000 0000 0000 0000 001E,-1.67771486052715,-3.9375,-0.278458898012805,2016-02-05 19:14:12:197
0000 0000 0000 0000 0000 001E,-1.44868343649292,-0.5625,-0.240445383650276,2016-02-05 19:14:12:217
0000 0000 0000 0000 0000 001E,-1.23640217898314,9.75,-0.205211979914215,2016-02-05 19:14:12:266
0000 0000 0000 0000 0000 001E,0.346609271090189,-10.0625,0.0564663488064386,2016-02-05 19:14:12:413
0000 0000 0000 0000 0000 001E,-1.08613143962986,9.125,-0.176942401242986,2016-02-05 19:14:12:455
0000 0000 0000 0000 0000 001E,-1.39523165629146,-2.6875,-0.227298124837055,2016-02-05 19:14:12:494
0000 0000 0000 0000 0000 001E,-1.2038492357002,-4.5625,-0.196119886348118,2016-02-05 19:14:12:517
0000 0000 0000 0000 0000 001E,-1.94234498533141,-6.375,-0.321846724992777,2016-02-05 19:14:12:554
0000 0000 0000 0000 0000 001E,-1.40789442068336,0,-0.233288222151343,2016-02-05 19:14:12:602
0000 0000 0000 0000 0000 001E,-1.32895233323436,-2.6875,-0.22020751172069,2016-02-05 19:14:12:622
0000 0000 0000 0000 0000 001E,-1.44097755917614,3.9375,-0.238770100940538,2016-02-05 19:14:12:638
0000 0000 0000 0000 0000 001E,-1.23140461750931,0,-0.204043847143216,2016-02-05 19:14:12:680
0000 0000 0000 0000 0000 001E,-1.47863700564972,-1.8125,-0.245010274341295,2016-02-05 19:14:12:702
0000 0000 0000 0000 0000 001E,-1.70489263268156,0,-0.28250085048576,2016-02-05 19:14:12:722
0000 0000 0000 0000 0000 001E,-1.30369440283928,-9.75,-0.215546057234381,2016-02-05 19:14:12:776
0000 0000 0000 0000 0000 001E,-1.55379872712808,11.5625,-0.256897006414122,2016-02-05 19:14:12:824
0000 0000 0000 0000 0000 001E,-0.976158572314905,1.1875,-0.161392985227044,2016-02-05 19:14:12:881
0000 0000 0000 0000 0000 001E,-1.33319112627986,1.1875,-0.220422892192868,2016-02-05 19:14:12:906
0000 0000 0000 0000 0000 001E,-1.28630466280295,9.75,-0.21267092799167,2016-02-05 19:14:12:916
0000 0000 0000 0000 0000 001E,-1.65446366944845,0,-0.267784785991117,2016-02-05 19:14:12:968
0000 0000 0000 0000 0000 001E,-1.73622403625168,7.875,-0.285641464697287,2016-02-05 19:14:13:207
0000 0000 0000 0000 0000 001E,-0.100506617677331,-14.3125,-0.0165352263795993,2016-02-05 19:14:13:231
0000 0000 0000 0000 0000 001E,-1.47085323607883,5.1875,-0.24198298372561,2016-02-05 19:14:13:242
0000 0000 0000 0000 0000 001E,-0.323129673747602,-2.6875,-0.0531609005342916,2016-02-05 19:14:13:273
0000 0000 0000 0000 0000 001E,-0.400633554619028,7.875,-0.065911744659012,2016-02-05 19:14:13:300
0000 0000 0000 0000 0000 001E,-0.775368684937951,8.5,-0.127562712081922,2016-02-05 19:14:13:317
0000 0000 0000 0000 0000 001E,-0.333210301837271,9.125,-0.0550609146522617,2016-02-05 19:14:13:394
0000 0000 0000 0000 0000 001E,0.214431184401212,5.1875,0.0354334097055156,2016-02-05 19:14:13:416
0000 0000 0000 0000 0000 001E,0,-1.8125,0,2016-02-05 19:14:13:429
0000 0000 0000 0000 0000 001E,-0.0582101451435041,7,-0.00961886176978862,2016-02-05 19:14:13:463
0000 0000 0000 0000 0000 001E,0.118353996994376,7.875,0.0195572564573467,2016-02-05 19:14:13:483
0000 0000 0000 0000 0000 001E,0.326262921547049,3.9375,0.0539129035880554,2016-02-05 19:14:13:509
0000 0000 0000 0000 0000 001E,1.19849570459139,-3.3125,0.198043906018958,2016-02-05 19:14:13:523
0000 0000 0000 0000 0000 001E,0.167462241129139,-2.6875,0.027672086113325,2016-02-05 19:14:13:560
0000 0000 0000 0000 0000 001E,-0.0777220886922195,3.3125,-0.0126069892444801,2016-02-05 19:14:13:619
0000 0000 0000 0000 0000 001E,0,3.3125,0,2016-02-05 19:14:13:632
0000 0000 0000 0000 0000 001E,0,10.375,0,2016-02-05 19:14:13:657
0000 0000 0000 0000 0000 001E,0,10.375,0,2016-02-05 19:14:13:666
0000 0000 0000 0000 0000 001E,0.105764891696751,1.8125,0.0171557001941202,2016-02-05 19:14:13:708
0000 0000 0000 0000 0000 001E,0.084673049132948,7,0.0137344767450037,2016-02-05 19:14:13:725
0000 0000 0000 0000 0000 001E,0.0242563959264779,-1.1875,0.00393453299699561,2016-02-05 19:14:13:745
0000 0000 0000 0000 0000 001E,0.0389845309381238,7.875,0.00632352488858456,2016-02-05 19:14:13:758
0000 0000 0000 0000 0000 001E,-0.394093018563361,-2.6875,-0.0638897084944654,2016-02-05 19:14:13:847
0000 0000 0000 0000 0000 001E,0.192971117112369,6.375,0.0312841584078416,2016-02-05 19:14:13:877
0000 0000 0000 0000 0000 001E,0.939189245207933,9.125,0.152259807383075,2016-02-05 19:14:13:958
0000 0000 0000 0000 0000 001E,-0.208515715078789,1.1875,-0.0346467540978326,2016-02-05 19:14:14:018
0000 0000 0000 0000 0000 001E,0.085279370670082,-1.8125,0.0141699314323039,2016-02-05 19:14:14:035
0000 0000 0000 0000 0000 001E,-0.195773655722368,1.8125,-0.0325295467830022,2016-02-05 19:14:14:058
0000 0000 0000 0000 0000 001E,-0.0140423688600023,4.5625,-0.00233326538798155,2016-02-05 19:14:14:093
0000 0000 0000 0000 0000 001E,0.206811202880136,-0.5625,0.0343635341257495,2016-02-05 19:14:14:104
0000 0000 0000 0000 0000 001E,0.835902848027391,-28.625,0.138280041030172,2016-02-05 19:14:14:247
0000 0000 0000 0000 0000 001E,-1.98471847781004,5.75,-0.328323983095126,2016-02-05 19:14:14:259
0000 0000 0000 0000 0000 001E,-0.130712169331484,9.125,-0.0216231876478881,2016-02-05 19:14:14:300
0000 0000 0000 0000 0000 001E,0.83969260533104,-9.125,0.138906965315309,2016-02-05 19:14:14:316
0000 0000 0000 0000 0000 001E,0.245404457958484,-2.6875,0.0400442411680963,2016-02-05 19:14:14:448
0000 0000 0000 0000 0000 001E,0.479573210131818,3.9375,0.0782550791621134,2016-02-05 19:14:14:486
0000 0000 0000 0000 0000 001E,-0.103896996240869,2.6875,-0.0169535484755294,2016-02-05 19:14:14:500
0000 0000 0000 0000 0000 001E,1.0731456043956,34.4375,0.175112146488268,2016-02-05 19:14:14:544
0000 0000 0000 0000 0000 001E,0.997573900274534,6.375,0.164390096172678,2016-02-05 19:14:14:646
0000 0000 0000 0000 0000 001E,0.178298829472148,18.25,0.0293818450105161,2016-02-05 19:14:14:671
0000 0000 0000 0000 0000 001E,1.01336952896268,-4.5625,0.166993056132273,2016-02-05 19:14:14:698
0000 0000 0000 0000 0000 001E,0.486250439341571,16.125,0.0801291578151449,2016-02-05 19:14:14:715
0000 0000 0000 0000 0000 001E,0.245173857685963,18.875,0.0404021737466569,2016-02-05 19:14:14:729
0000 0000 0000 0000 0000 001E,-0.0670237261845927,34.4375,-0.0110448326588178,2016-02-05 19:14:14:765
0000 0000 0000 0000 0000 001E,-0.714815654636877,14.9375,-0.117794395161254,2016-02-05 19:14:14:781
0000 0000 0000 0000 0000 001E,-0.740609726981633,3.625,-0.122044997580055,2016-02-05 19:14:14:799
0000 0000 0000 0000 0000 001E,-0.615799015327901,-2.6875,-0.10037473762476,2016-02-05 19:14:15:231
0000 0000 0000 0000 0000 001E,-0.534998043435727,3.9375,-0.0872042450587982,2016-02-05 19:14:15:257
0000 0000 0000 0000 0000 001E,-0.435285268553599,0.5625,-0.0709511440185166,2016-02-05 19:14:15:275
0000 0000 0000 0000 0000 001E,-0.500649137963772,-3.9375,-0.0816054014610875,2016-02-05 19:14:15:301
0000 0000 0000 0000 0000 001E,-0.504527020045464,-3.3125,-0.0822374930799452,2016-02-05 19:14:15:315
0000 0000 0000 0000 0000 001E,-0.962964277176836,5.75,-0.156962392367862,2016-02-05 19:14:15:352
0000 0000 0000 0000 0000 001E,-0.769090548080517,5.75,-0.125361132531462,2016-02-05 19:14:15:390
0000 0000 0000 0000 0000 001E,-0.95747679586901,1.1875,-0.156067937386962,2016-02-05 19:14:15:405
0000 0000 0000 0000 0000 001E,0.398769276037663,3.3125,0.0645780204109575,2016-02-05 19:14:16:062
0000 0000 0000 0000 0000 001E,0.209775572176222,2.6875,0.0339717525791453,2016-02-05 19:14:16:087
0000 0000 0000 0000 0000 001E,0.380528315365631,-2.6875,0.0625012289130518,2016-02-05 19:14:16:301
0000 0000 0000 0000 0000 001E,0.679967257957561,-3.9375,0.111683644887637,2016-02-05 19:14:16:331
0000 0000 0000 0000 0000 001E,-0.0911993369443437,9.75,-0.0149793600237082,2016-02-05 19:14:16:353
0000 0000 0000 0000 0000 001E,0.342522399719406,11.5625,0.0562588118893083,2016-02-05 19:14:16:368
0000 0000 0000 0000 0000 001E,0.478941883276118,2.6875,0.0786655160048373,2016-02-05 19:14:16:389
0000 0000 0000 0000 0000 001E,0.42690408536343,12.5,0.0701183824850967,2016-02-05 19:14:16:414
0000 0000 0000 0000 0000 001E,1.36305205151164,-6.375,0.223024606192251,2016-02-05 19:14:16:490
0000 0000 0000 0000 0000 001E,1.06177564310169,-1.8125,0.173729311661035,2016-02-05 19:14:16:511
0000 0000 0000 0000 0000 001E,0.908770903358426,11.5625,0.148694448326985,2016-02-05 19:14:16:547
0000 0000 0000 0000 0000 001E,1.44021605545177,14.3125,0.235650295410707,2016-02-05 19:14:16:557
0000 0000 0000 0000 0000 001E,2.41506692633466,-1.8125,0.39515684641418,2016-02-05 19:14:16:590
0000 0000 0000 0000 0000 001E,2.56732755383075,5.75,0.420069956994395,2016-02-05 19:14:16:602
0000 0000 0000 0000 0000 001E,1.08313443303902,5.75,0.179277423399561,2016-02-05 19:14:16:674
0000 0000 0000 0000 0000 001E,1.09131887733173,7.875,0.180632090041114,2016-02-05 19:14:16:697
0000 0000 0000 0000 0000 001E,1.35795341676599,5.75,0.224764703464716,2016-02-05 19:14:16:707
0000 0000 0000 0000 0000 001E,1.15186140803538,1.8125,0.190652922709304,2016-02-05 19:14:16:751
0000 0000 0000 0000 0000 001E,1.71589193998919,-3.3125,0.284009700412004,2016-02-05 19:14:16:773
0000 0000 0000 0000 0000 001E,0.501594401403929,5.75,0.0814496998220183,2016-02-05 19:14:17:146
0000 0000 0000 0000 0000 001E,0.575002007279734,5.75,0.0933697440779,2016-02-05 19:14:17:155
0000 0000 0000 0000 0000 001E,0.576288779295228,3.3125,0.0935786921724322,2016-02-05 19:14:17:173
0000 0000 0000 0000 0000 001E,1.56383835468494,-8.5,0.255459573321798,2016-02-05 19:14:17:305
0000 0000 0000 0000 0000 001E,0.505369040688272,14.9375,0.0825541585660123,2016-02-05 19:14:17:427
0000 0000 0000 0000 0000 001E,0.497231415478615,0.5625,0.0808287318578079,2016-02-05 19:14:17:492
0000 0000 0000 0000 0000 001E,0.294369950966601,0,0.0478520646382987,2016-02-05 19:14:17:517
0000 0000 0000 0000 0000 001E,0.335687364957768,3.9375,0.054568523157589,2016-02-05 19:14:17:527
0000 0000 0000 0000 0000 001E,0.535914600684357,3.3125,0.0871169765403994,2016-02-05 19:14:17:558
0000 0000 0000 0000 0000 001E,0.71012398196626,-3.3125,0.115436030663711,2016-02-05 19:14:17:565
0000 0000 0000 0000 0000 001E,0.649229235052147,2.6875,0.105537128428959,2016-02-05 19:14:17:610
0000 0000 0000 0000 0000 001E,0.643870714396524,4.5625,0.104666060319132,2016-02-05 19:14:17:636
0000 0000 0000 0000 0000 001E,0.751401233749005,-1.1875,0.122145960511895,2016-02-05 19:14:17:655
0000 0000 0000 0000 0000 001E,0.398833723175169,-5.75,0.065293378964557,2016-02-05 19:14:17:711
0000 0000 0000 0000 0000 001E,0.443154882593751,4.5625,0.0725492304382676,2016-02-05 19:14:17:763
0000 0000 0000 0000 0000 001E,0.435947709102715,1.8125,0.0713693384615632,2016-02-05 19:14:17:788
0000 0000 0000 0000 0000 001E,0.0131113893289653,7.875,0.00214647574280469,2016-02-05 19:14:17:825
0000 0000 0000 0000 0000 001E,0.131238241053601,-1.8125,0.0214851144971789,2016-02-05 19:14:17:851
0000 0000 0000 0000 0000 001E,0.633523368308229,1.1875,0.102816884226383,2016-02-05 19:14:17:897
0000 0000 0000 0000 0000 001E,0.477592279925478,4.5625,0.077510242887554,2016-02-05 19:14:17:918
0000 0000 0000 0000 0000 001E,0.876984855906605,1.1875,0.142329162440888,2016-02-05 19:14:17:930
0000 0000 0000 0000 0000 001E,0.716860038334489,7,0.116341905058343,2016-02-05 19:14:17:984
0000 0000 0000 0000 0000 001E,2.56579135252456,4.5625,0.420736488525481,2016-02-05 19:14:18:195
0000 0000 0000 0000 0000 001E,1.80601672831204,-0.5625,0.296149231207221,2016-02-05 19:14:18:245
0000 0000 0000 0000 0000 001E,0.903251336943362,10.375,0.148928497435014,2016-02-05 19:14:18:351
0000 0000 0000 0000 0000 001E,1.67659559643255,2.6875,0.276437855965796,2016-02-05 19:14:18:373
0000 0000 0000 0000 0000 001E,0.681085086597699,3.3125,0.110356751811671,2016-02-05 19:14:18:514
0000 0000 0000 0000 0000 001E,0.478004160548214,8.5,0.0774513897728676,2016-02-05 19:14:18:528
0000 0000 0000 0000 0000 001E,0.480864834665353,5.1875,0.0779149070481264,2016-02-05 19:14:18:554
0000 0000 0000 0000 0000 001E,0.762780540512393,8.5,0.123593930409785,2016-02-05 19:14:18:564
0000 0000 0000 0000 0000 001E,0.399702692255219,4.5625,0.0647641413321986,2016-02-05 19:14:18:586
0000 0000 0000 0000 0000 001E,0.0792857432816459,5.1875,0.0128467312905718,2016-02-05 19:14:18:598
0000 0000 0000 0000 0000 001E,0.0937830116200888,1.1875,0.0151957350721181,2016-02-05 19:14:18:630
0000 0000 0000 0000 0000 001E,-0.246183951799937,5.1875,-0.0398893791736328,2016-02-05 19:14:18:639
0000 0000 0000 0000 0000 001E,0.0288173542256835,0.5625,0.00466929855128547,2016-02-05 19:14:18:656
0000 0000 0000 0000 0000 001E,-0.371760795083751,1.1875,-0.060236693775385,2016-02-05 19:14:18:675
0000 0000 0000 0000 0000 001E,-0.154923851828349,1.8125,-0.0253765523060358,2016-02-05 19:14:18:722
0000 0000 0000 0000 0000 001E,-0.129551936853276,5.1875,-0.0212206284771951,2016-02-05 19:14:18:791
0000 0000 0000 0000 0000 001E,0.217639781069744,1.1875,0.0356494317886558,2016-02-05 19:14:18:829
0000 0000 0000 0000 0000 001E,0.0591020274359497,-1.8125,0.00968092177493033,2016-02-05 19:14:18:854
0000 0000 0000 0000 0000 001E,-0.0988323550247956,2.6875,-0.0162776319008722,2016-02-05 19:14:18:942
0000 0000 0000 0000 0000 001E,-0.298785983185676,-1.1875,-0.0492098791961036,2016-02-05 19:14:19:070
0000 0000 0000 0000 0000 001E,-0.698663714607813,5.75,-0.114503750004012,2016-02-05 19:14:19:120
0000 0000 0000 0000 0000 001E,-0.726760790944224,-1.8125,-0.119108569944423,2016-02-05 19:14:19:178
0000 0000 0000 0000 0000 001E,-0.471725916639832,1.8125,-0.0773109942594643,2016-02-05 19:14:19:228
0000 0000 0000 0000 0000 001E,-0.550373373296444,-3.3125,-0.0902004982184831,2016-02-05 19:14:19:286
0000 0000 0000 0000 0000 001E,-1.16298975824699,0.5625,-0.190186387284872,2016-02-05 19:14:19:365
0000 0000 0000 0000 0000 001E,-1.75817547816323,-7,-0.287518475578615,2016-02-05 19:14:19:425
0000 0000 0000 0000 0000 001E,-2.24364874815906,7,-0.36690903485839,2016-02-05 19:14:19:462
0000 0000 0000 0000 0000 001E,-2.09757416115175,7.875,-0.341531749441262,2016-02-05 19:14:19:543
0000 0000 0000 0000 0000 001E,-1.98283606742297,7.875,-0.322849834587187,2016-02-05 19:14:19:558
0000 0000 0000 0000 0000 001E,-1.88358507532711,-3.9375,-0.306689564503736,2016-02-05 19:14:19:597
0000 0000 0000 0000 0000 001E,-1.99179909917566,-9.75,-0.324309215605264,2016-02-05 19:14:19:608
0000 0000 0000 0000 0000 001E,-3.3326528373635,13.0625,-0.542630041361763,2016-02-05 19:14:19:653
0000 0000 0000 0000 0000 001E,-0.963996121981315,-5.1875,-0.159119029763078,2016-02-05 19:14:19:752
0000 0000 0000 0000 0000 001E,-0.955465814809017,1.8125,-0.157711001068889,2016-02-05 19:14:19:778
0000 0000 0000 0000 0000 001E,-1.0710180537394,16.75,-0.176784272969365,2016-02-05 19:14:19:801
0000 0000 0000 0000 0000 001E,-1.77155238420581,0,-0.292415799318704,2016-02-05 19:14:19:823
0000 0000 0000 0000 0000 001E,-1.98112489856641,-3.9375,-0.320483941531368,2016-02-05 19:14:19:933
0000 0000 0000 0000 0000 001E,-1.71846556432039,-2.6875,-0.277993890156979,2016-02-05 19:14:19:981
0000 0000 0000 0000 0000 001E,-1.38761060517987,-7,-0.224471923188979,2016-02-05 19:14:19:997
0000 0000 0000 0000 0000 001E,-1.83166839082682,0,-0.296306560931813,2016-02-05 19:14:20:023
0000 0000 0000 0000 0000 001E,-1.86015557497447,1.8125,-0.300914894846235,2016-02-05 19:14:20:048
0000 0000 0000 0000 0000 001E,-2.18089061854896,-10.375,-0.352799776524502,2016-02-05 19:14:20:075
0000 0000 0000 0000 0000 001E,-1.61079586201951,-1.1875,-0.266761666357081,2016-02-05 19:14:20:168
0000 0000 0000 0000 0000 001E,-1.24295422519205,-6.375,-0.20584392357583,2016-02-05 19:14:20:223
0000 0000 0000 0000 0000 001E,-1.96068426463474,1.1875,-0.324706198945857,2016-02-05 19:14:20:264
0000 0000 0000 0000 0000 001E,-2.82294810377427,9.75,-0.467504516219863,2016-02-05 19:14:20:292
0000 0000 0000 0000 0000 001E,-2.2371950828385,-7.875,-0.370908275684747,2016-02-05 19:14:20:355
0000 0000 0000 0000 0000 001E,-1.66177859656207,-2.6875,-0.275509024022448,2016-02-05 19:14:20:389
0000 0000 0000 0000 0000 001E,-0.613736136783733,-5.75,-0.101752329944802,2016-02-05 19:14:20:464
0000 0000 0000 0000 0000 001E,-0.633661243974785,-5.75,-0.103342415434866,2016-02-05 19:14:20:536
0000 0000 0000 0000 0000 001E,-0.430630580972331,-3.3125,-0.0702305921672733,2016-02-05 19:14:20:563
0000 0000 0000 0000 0000 001E,-0.398442868493385,0.5625,-0.064981169093784,2016-02-05 19:14:20:587
0000 0000 0000 0000 0000 001E,-0.379851043140028,1.1875,-0.0619490692807874,2016-02-05 19:14:20:601
0000 0000 0000 0000 0000 001E,-0.397249906126791,0,-0.0647866114911864,2016-02-05 19:14:20:633
0000 0000 0000 0000 0000 001E,-0.434373244217623,1.8125,-0.0708409748656085,2016-02-05 19:14:20:654
0000 0000 0000 0000 0000 001E,-0.336402327279742,-3.9375,-0.0548631139896291,2016-02-05 19:14:20:690
0000 0000 0000 0000 0000 001E,-0.604468785922718,-2.6875,-0.098581481803107,2016-02-05 19:14:20:702
0000 0000 0000 0000 0000 001E,2.01140673666231,18.875,0.330189888371378,2016-02-05 19:14:20:896
0000 0000 0000 0000 0000 001E,-0.280883727619184,-12.5,-0.0461095038499344,2016-02-05 19:14:20:910
0000 0000 0000 0000 0000 001E,0.291674444651857,3.3125,0.0476722056091295,2016-02-05 19:14:21:006
0000 0000 0000 0000 0000 001E,0.38014318523901,8.5,0.0621318199791354,2016-02-05 19:14:21:025
0000 0000 0000 0000 0000 001E,0.549189835155179,-5.1875,0.0897613459801436,2016-02-05 19:14:21:053
0000 0000 0000 0000 0000 001E,0.44135093401627,-7,0.0721358105175053,2016-02-05 19:14:21:080
0000 0000 0000 0000 0000 001E,-0.0612520907380303,-1.1875,-0.0100826486811573,2016-02-05 19:14:21:156
0000 0000 0000 0000 0000 001E,-0.290623249422309,0.5625,-0.0478392180119027,2016-02-05 19:14:21:184
0000 0000 0000 0000 0000 001E,-0.350179291797401,1.1875,-0.0576426817773499,2016-02-05 19:14:21:218
0000 0000 0000 0000 0000 001E,-1.31394250672738,-6.375,-0.216286832383109,2016-02-05 19:14:21:227
0000 0000 0000 0000 0000 001E,-0.726539992718524,18.875,-0.119595060529798,2016-02-05 19:14:21:259
0000 0000 0000 0000 0000 001E,0.408731819608664,-5.75,0.0664784743196526,2016-02-05 19:14:21:551
0000 0000 0000 0000 0000 001E,-0.250829409246575,2.6875,-0.040796325711018,2016-02-05 19:14:21:569
0000 0000 0000 0000 0000 001E,0.576217691333506,-11.5625,0.0937193317430479,2016-02-05 19:14:21:604
0000 0000 0000 0000 0000 001E,0.707056232653554,-16.125,0.11499965833346,2016-02-05 19:14:21:620
0000 0000 0000 0000 0000 001E,-0.253126620010368,-17.6875,-0.041169957171651,2016-02-05 19:14:21:637
0000 0000 0000 0000 0000 001E,-0.749952003071804,-3.9375,-0.121976471087851,2016-02-05 19:14:21:661
0000 0000 0000 0000 0000 001E,-0.632406747830592,-7.875,-0.102858240362796,2016-02-05 19:14:21:692
0000 0000 0000 0000 0000 001E,-0.671869625043,-5.75,-0.10927670778688,2016-02-05 19:14:21:718
0000 0000 0000 0000 0000 001E,3.10013876596891,2.6875,0.511996493141025,2016-02-05 19:14:21:891
0000 0000 0000 0000 0000 001E,0.702478719577988,13.6875,0.116016303811394,2016-02-05 19:14:21:924
0000 0000 0000 0000 0000 001E,0.401093541431357,7,0.0663147216475101,2016-02-05 19:14:22:993
0000 0000 0000 0000 0000 001E,1.29997745085842,0.5625,0.214931515710954,2016-02-05 19:14:23:033
0000 0000 0000 0000 0000 001E,1.00748176805407,0,0.166571799623159,2016-02-05 19:14:23:047
0000 0000 0000 0000 0000 001E,0.752185550335054,1.8125,0.12436244976606,2016-02-05 19:14:23:100
0000 0000 0000 0000 0000 001E,1.07001004382761,1.8125,0.176909899778608,2016-02-05 19:14:23:130
0000 0000 0000 0000 0000 001E,-2.73890332015599,3.3125,-0.443307793928674,2016-02-05 19:14:23:236
0000 0000 0000 0000 0000 001E,-1.62378870686365,-16.75,-0.262819860835768,2016-02-05 19:14:23:254
0000 0000 0000 0000 0000 001E,-1.01840290865687,-10.375,-0.164834568436504,2016-02-05 19:14:23:294
0000 0000 0000 0000 0000 001E,-0.531559012972875,2.6875,-0.0860359880722214,2016-02-05 19:14:23:305
0000 0000 0000 0000 0000 001E,0.272916230000699,-1.1875,0.0441731151875962,2016-02-05 19:14:23:334
0000 0000 0000 0000 0000 001E,0.248425973034851,-3.3125,0.040209221424578,2016-02-05 19:14:23:361
0000 0000 0000 0000 0000 001E,0.402872318481848,7,0.0662800633641648,2016-02-05 19:14:23:544
0000 0000 0000 0000 0000 001E,0.152540221805685,10.9375,0.0250957315830576,2016-02-05 19:14:23:553
0000 0000 0000 0000 0000 001E,0.542224879433974,-0.5625,0.0895992640210368,2016-02-05 19:14:23:655
0000 0000 0000 0000 0000 001E,0.426033082888997,-5.75,0.0703992976407045,2016-02-05 19:14:23:686
0000 0000 0000 0000 0000 001E,0.392475833403841,3.9375,0.0648541724159473,2016-02-05 19:14:23:709
0000 0000 0000 0000 0000 001E,0.209556772338417,0,0.0346279436527265,2016-02-05 19:14:23:744
0000 0000 0000 0000 0000 001E,0.67803387224757,-9.125,0.11204084917338,2016-02-05 19:14:23:770
0000 0000 0000 0000 0000 001E,0.81677216392944,-1.1875,0.132485346947192,2016-02-05 19:14:23:811
0000 0000 0000 0000 0000 001E,0.412144434753249,3.9375,0.0668523008521086,2016-02-05 19:14:23:829
0000 0000 0000 0000 0000 001E,0.0786915793714715,10.375,0.0127642464511714,2016-02-05 19:14:23:847
0000 0000 0000 0000 0000 001E,1.08757258770186,-1.1875,0.176410800924875,2016-02-05 19:14:23:860
0000 0000 0000 0000 0000 001E,0.077637436896291,3.9375,0.0125932582151324,2016-02-05 19:14:23:885
0000 0000 0000 0000 0000 001E,0.213863643473909,3.9375,0.0346899665002285,2016-02-05 19:14:23:901
0000 0000 0000 0000 0000 001E,0.34639088410038,-1.1875,0.0561866803082531,2016-02-05 19:14:23:923
0000 0000 0000 0000 0000 001E,0.149595971200985,-0.5625,0.0242653643472807,2016-02-05 19:14:23:936
0000 0000 0000 0000 0000 001E,0.659413349186776,1.1875,0.106960802787798,2016-02-05 19:14:23:954
0000 0000 0000 0000 0000 001E,0.306094063440321,3.9375,0.0496502941509036,2016-02-05 19:14:23:977
0000 0000 0000 0000 0000 001E,0.780126617670557,-0.5625,0.126472837233811,2016-02-05 19:14:24:016
0000 0000 0000 0000 0000 001E,1.23641591052965,-5.1875,0.200445702868897,2016-02-05 19:14:24:063
0000 0000 0000 0000 0000 001E,1.37985709698137,-3.3125,0.223700150821082,2016-02-05 19:14:24:086
0000 0000 0000 0000 0000 001E,3.24611664568664,-7,0.526255062797077,2016-02-05 19:14:24:111
0000 0000 0000 0000 0000 001E,2.53912077490303,0.5625,0.411638061319054,2016-02-05 19:14:24:184
0000 0000 0000 0000 0000 001E,0.747750765696784,10.9375,0.124245488623116,2016-02-05 19:14:24:328
0000 0000 0000 0000 0000 001E,0.80594412808451,15.5625,0.133914837122876,2016-02-05 19:14:24:352
0000 0000 0000 0000 0000 001E,0.977419885864793,2.6875,0.162407070484319,2016-02-05 19:14:24:381
0000 0000 0000 0000 0000 001E,0.931253438474235,14.9375,0.154053505123943,2016-02-05 19:14:24:479
0000 0000 0000 0000 0000 001E,0.464179616087751,4.5625,0.0767873641170804,2016-02-05 19:14:24:569
0000 0000 0000 0000 0000 001E,1.58434892614339,3.3125,0.258528516640205,2016-02-05 19:14:24:618
0000 0000 0000 0000 0000 001E,1.3980416718536,2.6875,0.228127550479239,2016-02-05 19:14:24:674
0000 0000 0000 0000 0000 001E,1.23519288772135,-7.875,0.201554455434541,2016-02-05 19:14:24:705
0000 0000 0000 0000 0000 001E,1.046721103708,-3.3125,0.170800288883546,2016-02-05 19:14:24:722
0000 0000 0000 0000 0000 001E,1.02751156396411,1.8125,0.167665743371897,2016-02-05 19:14:24:747
0000 0000 0000 0000 0000 001E,0.963737379488347,-5.75,0.157259294994019,2016-02-05 19:14:24:774
0000 0000 0000 0000 0000 001E,0.782276346566695,-1.8125,0.128911235358423,2016-02-05 19:14:24:856
0000 0000 0000 0000 0000 001E,0.451207069151394,7,0.0743543645951212,2016-02-05 19:14:24:862
0000 0000 0000 0000 0000 001E,0.849184782608696,-1.8125,0.139937069366992,2016-02-05 19:14:24:889
0000 0000 0000 0000 0000 001E,0.350408846260006,7.875,0.0577438362416928,2016-02-05 19:14:24:908
0000 0000 0000 0000 0000 001E,0.686472505668934,3.3125,0.113123730678759,2016-02-05 19:14:24:930
0000 0000 0000 0000 0000 001E,-1.28253986866792,6.375,-0.208712753241321,2016-02-05 19:14:25:046
0000 0000 0000 0000 0000 001E,-0.827046818616982,0.5625,-0.134588579107727,2016-02-05 19:14:25:073
0000 0000 0000 0000 0000 001E,-0.572486555028801,0.5625,-0.0931629869859726,2016-02-05 19:14:25:093
0000 0000 0000 0000 0000 001E,-0.700856381804129,-1.1875,-0.114053113393674,2016-02-05 19:14:25:111
0000 0000 0000 0000 0000 001E,-0.60171974942785,-0.5625,-0.0979202195976974,2016-02-05 19:14:25:128
0000 0000 0000 0000 0000 001E,-0.644709189736367,3.3125,-0.104916060168652,2016-02-05 19:14:25:151
0000 0000 0000 0000 0000 001E,-0.893932082305186,1.8125,-0.145473080928427,2016-02-05 19:14:25:195
0000 0000 0000 0000 0000 001E,-1.3706880263442,4.5625,-0.227626021535157,2016-02-05 19:14:25:259
0000 0000 0000 0000 0000 001E,-1.15995304195523,-3.3125,-0.192629899023841,2016-02-05 19:14:25:283
0000 0000 0000 0000 0000 001E,-1.53754779577148,-4.5625,-0.255335919585632,2016-02-05 19:14:25:343
0000 0000 0000 0000 0000 001E,-1.82062236025869,-5.75,-0.302345257723559,2016-02-05 19:14:25:374
0000 0000 0000 0000 0000 001E,-2.38807262797522,-1.1875,-0.396580010181326,2016-02-05 19:14:25:401
0000 0000 0000 0000 0000 001E,-1.52156293446474,5.75,-0.248013518250161,2016-02-05 19:14:25:455
0000 0000 0000 0000 0000 001E,-1.18082440602461,1.1875,-0.192473415814932,2016-02-05 19:14:25:502
0000 0000 0000 0000 0000 001E,-1.4344262295082,-4.5625,-0.233810306358304,2016-02-05 19:14:25:540
0000 0000 0000 0000 0000 001E,-2.57492876584163,1.1875,-0.419711290275734,2016-02-05 19:14:25:552
0000 0000 0000 0000 0000 001E,-4.25998326374892,-9.75,-0.694373800122074,2016-02-05 19:14:25:587
0000 0000 0000 0000 0000 001E,-2.33545781270993,1.8125,-0.387413516070212,2016-02-05 19:14:25:687
0000 0000 0000 0000 0000 001E,-2.43055555555556,5.1875,-0.403188646207723,2016-02-05 19:14:25:699
0000 0000 0000 0000 0000 001E,-1.48474504414946,17.6875,-0.246294450232148,2016-02-05 19:14:25:800
0000 0000 0000 0000 0000 001E,-0.35586282125048,-13.6875,-0.0587070917652702,2016-02-05 19:14:25:857
0000 0000 0000 0000 0000 001E,-0.618605235616514,-17.6875,-0.102052004775889,2016-02-05 19:14:25:893
0000 0000 0000 0000 0000 001E,-0.961758292005206,-0.5625,-0.158662352269212,2016-02-05 19:14:25:922
0000 0000 0000 0000 0000 001E,-1.0078044375645,-2.6875,-0.166258636936678,2016-02-05 19:14:25:936
0000 0000 0000 0000 0000 001E,-0.869456346335763,-12.5,-0.143435195986103,2016-02-05 19:14:25:954
0000 0000 0000 0000 0000 001E,-0.681624963477583,-9.125,-0.112448440496714,2016-02-05 19:14:25:985
0000 0000 0000 0000 0000 001E,-2.74133658912274,15.8125,-0.450260594983203,2016-02-05 19:14:26:501
0000 0000 0000 0000 0000 001E,1.7706051220065,2.6875,0.290819346620284,2016-02-05 19:14:26:623
0000 0000 0000 0000 0000 001E,0.304322087023321,6.375,0.0497936330008162,2016-02-05 19:14:26:742
0000 0000 0000 0000 0000 001E,3.41804556001258,-3.3125,0.559265703847164,2016-02-05 19:14:26:790
0000 0000 0000 0000 0000 001E,3.12045438286913,6.375,0.510573392342918,2016-02-05 19:14:26:822
0000 0000 0000 0000 0000 001E,1.65937336615546,5.1875,0.274654901984352,2016-02-05 19:14:26:866
0000 0000 0000 0000 0000 001E,1.64286455295859,2.6875,0.27192240876556,2016-02-05 19:14:26:888
0000 0000 0000 0000 0000 001E,1.66595751889289,13.0625,0.275744692782272,2016-02-05 19:14:26:948
0000 0000 0000 0000 0000 001E,2.45656035609278,7,0.403928806153924,2016-02-05 19:14:27:087
0000 0000 0000 0000 0000 001E,2.14680507792095,5.75,0.352996176144853,2016-02-05 19:14:27:138
0000 0000 0000 0000 0000 001E,2.37481254812953,-4.5625,0.39048712767271,2016-02-05 19:14:27:163
0000 0000 0000 0000 0000 001E,2.20538545325973,1.1875,0.362628465868961,2016-02-05 19:14:27:204
0000 0000 0000 0000 0000 001E,1.85519956418088,-1.8125,0.30504788668362,2016-02-05 19:14:27:231
0000 0000 0000 0000 0000 001E,1.82087548772487,-6.375,0.295676669184012,2016-02-05 19:14:27:302
0000 0000 0000 0000 0000 001E,1.30944114548415,0.5625,0.212629144056966,2016-02-05 19:14:27:323
0000 0000 0000 0000 0000 001E,1.04384100717974,2.6875,0.169500569501446,2016-02-05 19:14:27:348
0000 0000 0000 0000 0000 001E,0.65731140623382,-1.8125,0.106735275707792,2016-02-05 19:14:27:435
0000 0000 0000 0000 0000 001E,-0.123871612193987,2.6875,-0.020234948901822,2016-02-05 19:14:27:529
0000 0000 0000 0000 0000 001E,-0.289944174453855,3.9375,-0.0473636005097504,2016-02-05 19:14:27:593
0000 0000 0000 0000 0000 001E,-1.81930500931484,3.3125,-0.295741805903253,2016-02-05 19:14:27:658
0000 0000 0000 0000 0000 001E,-0.858617127282318,-5.1875,-0.139574715895256,2016-02-05 19:14:27:693
0000 0000 0000 0000 0000 001E,-1.66113447363447,-1.8125,-0.270029987586206,2016-02-05 19:14:27:703
0000 0000 0000 0000 0000 001E,-1.90619320858854,-1.8125,-0.309866140653787,2016-02-05 19:14:27:755
0000 0000 0000 0000 0000 001E,-1.864113576712,1.1875,-0.303025777845354,2016-02-05 19:14:27:824
0000 0000 0000 0000 0000 001E,-1.59431119754154,0.5625,-0.259167358039805,2016-02-05 19:14:27:845
0000 0000 0000 0000 0000 001E,-1.98065271570987,0,-0.324254196296295,2016-02-05 19:14:27:911
0000 0000 0000 0000 0000 001E,1.04540147082545,-2.6875,0.171143487720401,2016-02-05 19:14:27:979
0000 0000 0000 0000 0000 001E,-3.36745689655173,-5.75,-0.551288987157172,2016-02-05 19:14:28:028
0000 0000 0000 0000 0000 001E,-1.15763778308563,2.6875,-0.18787737891571,2016-02-05 19:14:28:160
0000 0000 0000 0000 0000 001E,-1.15001808485583,1.1875,-0.186640749503245,2016-02-05 19:14:28:209
0000 0000 0000 0000 0000 001E,-1.81779989658738,-0.5625,-0.295017565039879,2016-02-05 19:14:28:247
0000 0000 0000 0000 0000 001E,-2.11753659103229,-2.6875,-0.34723201820699,2016-02-05 19:14:28:306
0000 0000 0000 0000 0000 001E,-2.17069414238654,-4.5625,-0.355948752509408,2016-02-05 19:14:28:357
0000 0000 0000 0000 0000 001E,-2.55519515661471,-0.5625,-0.418998932486698,2016-02-05 19:14:28:420
0000 0000 0000 0000 0000 001E,-2.80098491906902,-2.6875,-0.459303348303201,2016-02-05 19:14:28:448
0000 0000 0000 0000 0000 001E,-2.18627568561605,0.5625,-0.360474144371979,2016-02-05 19:14:28:529
0000 0000 0000 0000 0000 001E,-2.03750763319933,3.3125,-0.335945199208463,2016-02-05 19:14:28:548
0000 0000 0000 0000 0000 001E,-2.28634721342064,-3.9375,-0.376973984075951,2016-02-05 19:14:28:605
0000 0000 0000 0000 0000 001E,-2.55170579062711,0.5625,-0.420726428792598,2016-02-05 19:14:28:622
0000 0000 0000 0000 0000 001E,1.5882995085387,-9.75,0.2573534175326,2016-02-05 19:14:28:841
0000 0000 0000 0000 0000 001E,-1.05229921323768,-18.25,-0.172366783495116,2016-02-05 19:14:28:922
0000 0000 0000 0000 0000 001E,-0.994081383512333,3.9375,-0.162830693450014,2016-02-05 19:14:28:956
0000 0000 0000 0000 0000 001E,-1.04151517355051,9.125,-0.17060035602793,2016-02-05 19:14:28:977
0000 0000 0000 0000 0000 001E,-0.427622242945183,0,-0.0700445934390145,2016-02-05 19:14:29:008
0000 0000 0000 0000 0000 001E,-0.551545569593777,-4.5625,-0.0903432546427153,2016-02-05 19:14:29:049
0000 0000 0000 0000 0000 001E,-0.348436329253935,5.75,-0.0571051072254469,2016-02-05 19:14:29:325
0000 0000 0000 0000 0000 001E,0.159934900098265,9.75,0.0262116744220047,2016-02-05 19:14:29:352
0000 0000 0000 0000 0000 001E,0.0611364134347511,2.6875,0.0100196252556271,2016-02-05 19:14:29:384
0000 0000 0000 0000 0000 001E,0.23737542537676,5.75,0.0389033748227414,2016-02-05 19:14:29:403
0000 0000 0000 0000 0000 001E,0.514905639146092,-8.5,0.0843877037660899,2016-02-05 19:14:29:441
0000 0000 0000 0000 0000 001E,0.313422716477306,3.3125,0.0513667385649777,2016-02-05 19:14:29:457
0000 0000 0000 0000 0000 001E,1.01517994511206,-1.1875,0.166014708930836,2016-02-05 19:14:29:515
0000 0000 0000 0000 0000 001E,0.914748834103955,-3.3125,0.149590978594269,2016-02-05 19:14:29:540
0000 0000 0000 0000 0000 001E,0.541565253558445,3.3125,0.0885634102303263,2016-02-05 19:14:29:556
0000 0000 0000 0000 0000 001E,1.97181674226918,-9.75,0.322455722366179,2016-02-05 19:14:29:601
0000 0000 0000 0000 0000 001E,1.15680350293321,1.1875,0.189174734739691,2016-02-05 19:14:29:628
0000 0000 0000 0000 0000 001E,1.55983787669045,-7.875,0.255083871903589,2016-02-05 19:14:29:637
0000 0000 0000 0000 0000 001E,2.80796965230991,-0.5625,0.457199943388317,2016-02-05 19:14:29:740
0000 0000 0000 0000 0000 001E,1.91859037328094,5.1875,0.312389205961619,2016-02-05 19:14:29:747
0000 0000 0000 0000 0000 001E,2.17895066133312,-0.5625,0.354781654491145,2016-02-05 19:14:29:823
0000 0000 0000 0000 0000 001E,2.18520241574573,5.1875,0.355799579225899,2016-02-05 19:14:29:845
0000 0000 0000 0000 0000 001E,2.45968145332141,-0.5625,0.400490874353553,2016-02-05 19:14:29:866
0000 0000 0000 0000 0000 001E,3.46517905573385,0,0.571969032583304,2016-02-05 19:14:29:952
0000 0000 0000 0000 0000 001E,4.05463228798586,1.8125,0.66926530200592,2016-02-05 19:14:30:061
0000 0000 0000 0000 0000 001E,2.52073527178864,3.9375,0.407775994357828,2016-02-05 19:14:30:272
0000 0000 0000 0000 0000 001E,1.73992236963507,2.6875,0.288146128010225,2016-02-05 19:14:30:364
0000 0000 0000 0000 0000 001E,1.99851995322321,8.5,0.330972114803734,2016-02-05 19:14:30:440
0000 0000 0000 0000 0000 001E,3.26261794184595,7.875,0.54091482871168,2016-02-05 19:14:30:507
0000 0000 0000 0000 0000 001E,1.56258242192995,0.5625,0.259063126045308,2016-02-05 19:14:30:622
0000 0000 0000 0000 0000 001E,1.40704660484705,3.9375,0.233276585495505,2016-02-05 19:14:30:649
0000 0000 0000 0000 0000 001E,0.861391293694871,5.75,0.140482407234825,2016-02-05 19:14:30:719
0000 0000 0000 0000 0000 001E,0.862403644663973,1.8125,0.140647509322746,2016-02-05 19:14:30:752
0000 0000 0000 0000 0000 001E,0.612879691226309,3.3125,0.0999531978080417,2016-02-05 19:14:30:768
0000 0000 0000 0000 0000 001E,0.693581321022727,3.3125,0.113114648712595,2016-02-05 19:14:30:793
0000 0000 0000 0000 0000 001E,0.525360651792287,0,0.0856799105940125,2016-02-05 19:14:30:828
0000 0000 0000 0000 0000 001E,0.236732859278414,1.1875,0.0386082401650036,2016-02-05 19:14:30:853
0000 0000 0000 0000 0000 001E,-0.0316029416523747,6.375,-0.00518789739847465,2016-02-05 19:14:30:970
0000 0000 0000 0000 0000 001E,-0.24882686427722,5.75,-0.0408470912630184,2016-02-05 19:14:31:045
0000 0000 0000 0000 0000 001E,-0.0917821898496237,-1.8125,-0.0150668437509642,2016-02-05 19:14:31:066
0000 0000 0000 0000 0000 001E,-0.511345629168277,1.1875,-0.0839418269496488,2016-02-05 19:14:31:084
0000 0000 0000 0000 0000 001E,-0.691742927977333,1.1875,-0.113060680137946,2016-02-05 19:14:31:131
0000 0000 0000 0000 0000 001E,-0.788294076883243,-0.5625,-0.128841309215458,2016-02-05 19:14:31:164
0000 0000 0000 0000 0000 001E,-1.01856192579113,3.3125,-0.166477024100975,2016-02-05 19:14:31:186
0000 0000 0000 0000 0000 001E,-0.871320635059482,0,-0.142411435858265,2016-02-05 19:14:31:215
0000 0000 0000 0000 0000 001E,-1.09015090666521,-1.8125,-0.178177756469389,2016-02-05 19:14:31:233
0000 0000 0000 0000 0000 001E,-1.10842016253519,-1.8125,-0.181163742174097,2016-02-05 19:14:31:255
0000 0000 0000 0000 0000 001E,-1.42964807181107,1.8125,-0.233666260715512,2016-02-05 19:14:31:281
0000 0000 0000 0000 0000 001E,1.54123269187172,-3.9375,0.25370085462909,2016-02-05 19:14:31:388
0000 0000 0000 0000 0000 001E,-3.39030692756825,-1.1875,-0.558075214414527,2016-02-05 19:14:31:407
0000 0000 0000 0000 0000 001E,-3.32032112421071,-3.3125,-0.546554917565549,2016-02-05 19:14:31:449
0000 0000 0000 0000 0000 001E,-2.61835170185143,-1.8125,-0.431004395366491,2016-02-05 19:14:31:486
0000 0000 0000 0000 0000 001E,-3.54200779984506,3.3125,-0.581133355183767,2016-02-05 19:14:31:572
0000 0000 0000 0000 0000 001E,-3.69054160882308,-4.5625,-0.605503135163753,2016-02-05 19:14:31:585
0000 0000 0000 0000 0000 001E,-2.33461904551089,1.8125,-0.383038399591615,2016-02-05 19:14:31:665
0000 0000 0000 0000 0000 001E,-2.04740303499226,0,-0.33591518211522,2016-02-05 19:14:31:685
0000 0000 0000 0000 0000 001E,-2.33760941407646,-0.5625,-0.380202127526667,2016-02-05 19:14:31:767
0000 0000 0000 0000 0000 001E,-2.95840568198611,-2.6875,-0.481171973215414,2016-02-05 19:14:31:806
0000 0000 0000 0000 0000 001E,-2.3417190511407,-3.3125,-0.380870542337874,2016-02-05 19:14:31:881
0000 0000 0000 0000 0000 001E,-1.83794698870765,1.1875,-0.298934180868689,2016-02-05 19:14:31:907
0000 0000 0000 0000 0000 001E,-1.5802781289507,0.5625,-0.260987304533558,2016-02-05 19:14:31:967
0000 0000 0000 0000 0000 001E,-1.30739398798219,0,-0.2159197337708,2016-02-05 19:14:32:094
0000 0000 0000 0000 0000 001E,-1.25095725424673,-1.1875,-0.203242445856495,2016-02-05 19:14:32:171
0000 0000 0000 0000 0000 001E,-1.19102835083512,-6.375,-0.195731857162716,2016-02-05 19:14:32:354
0000 0000 0000 0000 0000 001E,-0.944879508965016,2.6875,-0.155280116510274,2016-02-05 19:14:32:417
0000 0000 0000 0000 0000 001E,-0.879087238549112,2.6875,-0.144467911018753,2016-02-05 19:14:32:436
0000 0000 0000 0000 0000 001E,-1.39668549771167,5.1875,-0.229529251883594,2016-02-05 19:14:32:502
0000 0000 0000 0000 0000 001E,-1.02540016360617,-0.5625,-0.170190898523846,2016-02-05 19:14:32:580
0000 0000 0000 0000 0000 001E,-0.775286259541985,-9.125,-0.128678217351367,2016-02-05 19:14:32:596
0000 0000 0000 0000 0000 001E,-0.789004789935365,-8.5,-0.130955151856492,2016-02-05 19:14:32:613
0000 0000 0000 0000 0000 001E,-0.423627004427691,-0.5625,-0.0703115360045961,2016-02-05 19:14:32:682
0000 0000 0000 0000 0000 001E,-0.560390905556994,6.375,-0.0930109386816588,2016-02-05 19:14:32:709
0000 0000 0000 0000 0000 001E,-0.200782713482888,-3.3125,-0.0327096465082087,2016-02-05 19:14:32:753
0000 0000 0000 0000 0000 001E,-0.918711514339472,3.9375,-0.149667908933935,2016-02-05 19:14:32:770
0000 0000 0000 0000 0000 001E,-0.46174207457108,-2.6875,-0.0752227110352018,2016-02-05 19:14:32:809
0000 0000 0000 0000 0000 001E,-0.140260323159785,-1.8125,-0.0228499033113959,2016-02-05 19:14:32:837
0000 0000 0000 0000 0000 001E,-0.345056330180475,11.5625,-0.0562133581613589,2016-02-05 19:14:32:898
0000 0000 0000 0000 0000 001E,0.189286868034245,23.4375,0.0313648497156992,2016-02-05 19:14:33:040
0000 0000 0000 0000 0000 001E,0.827627219846681,3.9375,0.137137898897545,2016-02-05 19:14:33:066
0000 0000 0000 0000 0000 001E,0.924146789769968,-10.375,0.153131199630483,2016-02-05 19:14:33:087
0000 0000 0000 0000 0000 001E,0.148811791417777,1.8125,0.0246581261669887,2016-02-05 19:14:33:103
0000 0000 0000 0000 0000 001E,0.99969264351666,21.3125,0.16528398625241,2016-02-05 19:14:33:171
0000 0000 0000 0000 0000 001E,2.01769111570248,4.5625,0.326575308719042,2016-02-05 19:14:33:358
0000 0000 0000 0000 0000 001E,3.28643376702528,0.5625,0.531928853578411,2016-02-05 19:14:33:414
0000 0000 0000 0000 0000 001E,2.2779399927722,9.75,0.368698137486732,2016-02-05 19:14:33:469
0000 0000 0000 0000 0000 001E,1.84398124521562,5.1875,0.298459332918632,2016-02-05 19:14:33:524
0000 0000 0000 0000 0000 001E,2.44498807967086,-0.5625,0.402246462243629,2016-02-05 19:14:33:609
0000 0000 0000 0000 0000 001E,2.62732044942093,3.9375,0.432243561736374,2016-02-05 19:14:33:646
0000 0000 0000 0000 0000 001E,2.60288524623775,1.8125,0.428223511857047,2016-02-05 19:14:33:690
0000 0000 0000 0000 0000 001E,3.00553300947438,5.75,0.494466631665651,2016-02-05 19:14:33:707
0000 0000 0000 0000 0000 001E,2.85942996246586,3.3125,0.472502885563072,2016-02-05 19:14:33:862
0000 0000 0000 0000 0000 001E,2.32155592535362,3.9375,0.383622570975536,2016-02-05 19:14:33:879
0000 0000 0000 0000 0000 001E,2.11294010621558,0.5625,0.349150113943637,2016-02-05 19:14:33:907
0000 0000 0000 0000 0000 001E,-2.66455111544794,3.9375,-0.43220618255441,2016-02-05 19:14:33:994
0000 0000 0000 0000 0000 001E,2.29018657745896,5.1875,0.371482007698128,2016-02-05 19:14:34:057
0000 0000 0000 0000 0000 001E,2.36431450574357,3.3125,0.383506002553702,2016-02-05 19:14:34:077
0000 0000 0000 0000 0000 001E,2.00228453761312,5.75,0.3247825689559,2016-02-05 19:14:34:091
0000 0000 0000 0000 0000 001E,1.01699240874045,-0.5625,0.164873127599101,2016-02-05 19:14:34:176
0000 0000 0000 0000 0000 001E,0.848482105916425,5.1875,0.137554515955108,2016-02-05 19:14:34:200
0000 0000 0000 0000 0000 001E,0.621945436672758,4.5625,0.100828765739977,2016-02-05 19:14:34:218
0000 0000 0000 0000 0000 001E,0.648964978734716,-0.5625,0.105209129219354,2016-02-05 19:14:34:248
0000 0000 0000 0000 0000 001E,0.499293444299267,0.5625,0.0809446275545962,2016-02-05 19:14:34:283
0000 0000 0000 0000 0000 001E,0.40715551386283,1.1875,0.0676525362275541,2016-02-05 19:14:34:372
0000 0000 0000 0000 0000 001E,0.355730567697826,0.5625,0.0591078207196609,2016-02-05 19:14:34:425
0000 0000 0000 0000 0000 001E,0.119876571246195,2.6875,0.0199185662552525,2016-02-05 19:14:34:445
0000 0000 0000 0000 0000 001E,0.03010550897096,5.1875,0.0050023000228679,2016-02-05 19:14:34:478
0000 0000 0000 0000 0000 001E,0.524939526966493,0,0.0872234052007466,2016-02-05 19:14:34:483
0000 0000 0000 0000 0000 001E,-0.397072277272453,-1.1875,-0.0659771161349964,2016-02-05 19:14:34:517
0000 0000 0000 0000 0000 001E,-1.37756341158309,0,-0.227884766184135,2016-02-05 19:14:34:597
0000 0000 0000 0000 0000 001E,-2.38701749565275,-2.6875,-0.394874689107154,2016-02-05 19:14:34:654
0000 0000 0000 0000 0000 001E,-2.63044135774288,-5.1875,-0.429226221007813,2016-02-05 19:14:34:824
0000 0000 0000 0000 0000 001E,-2.59867512677612,3.3125,-0.42823539578843,2016-02-05 19:14:35:000
0000 0000 0000 0000 0000 001E,-2.3796274601687,0,-0.392138554271139,2016-02-05 19:14:35:016
0000 0000 0000 0000 0000 001E,-3.79189444643131,0,-0.624865879664594,2016-02-05 19:14:35:128
0000 0000 0000 0000 0000 001E,-1.91158673685324,1.1875,-0.311080022270666,2016-02-05 19:14:35:177
0000 0000 0000 0000 0000 001E,-2.55051146256529,-5.1875,-0.415054753875556,2016-02-05 19:14:35:215
0000 0000 0000 0000 0000 001E,-1.68066975810307,-7.875,-0.273501994809287,2016-02-05 19:14:35:321
0000 0000 0000 0000 0000 001E,-1.96277975446792,-13.6875,-0.32595290691413,2016-02-05 19:14:35:379
0000 0000 0000 0000 0000 001E,-1.66217358888566,-2.6875,-0.27603214872167,2016-02-05 19:14:35:413
0000 0000 0000 0000 0000 001E,-1.38127652050919,-2.6875,-0.229384420787577,2016-02-05 19:14:35:481
0000 0000 0000 0000 0000 001E,-1.01508748700688,11.25,-0.168386091292267,2016-02-05 19:14:35:787
0000 0000 0000 0000 0000 001E,0.263608081844195,-7,0.043038054178644,2016-02-05 19:14:36:235
0000 0000 0000 0000 0000 001E,0.123584219185018,-13.0625,0.0201770153771457,2016-02-05 19:14:36:292
0000 0000 0000 0000 0000 001E,-0.519621872054487,-1.1875,-0.0848362240088959,2016-02-05 19:14:36:324
0000 0000 0000 0000 0000 001E,-0.183534809107019,2.6875,-0.0299648667929826,2016-02-05 19:14:36:343
0000 0000 0000 0000 0000 001E,0.497925276406182,7,0.0806356722924992,2016-02-05 19:14:36:397
0000 0000 0000 0000 0000 001E,-0.340364507696775,3.3125,-0.0551197583314615,2016-02-05 19:14:36:414
0000 0000 0000 0000 0000 001E,0.409910303817707,3.9375,0.066382235436066,2016-02-05 19:14:36:439
0000 0000 0000 0000 0000 001E,-0.314442772576409,11.5625,-0.0509219064901067,2016-02-05 19:14:36:459
0000 0000 0000 0000 0000 001E,0.722345160017752,-12.5,0.116978973282227,2016-02-05 19:14:36:480
0000 0000 0000 0000 0000 001E,-0.62146624730762,-0.5625,-0.100642307256295,2016-02-05 19:14:36:490
0000 0000 0000 0000 0000 001E,0.136984499929864,-7,0.0221837246849983,2016-02-05 19:14:36:526
0000 0000 0000 0000 0000 001E,-0.273489462997969,5.75,-0.0442897915786184,2016-02-05 19:14:36:540
0000 0000 0000 0000 0000 001E,0.0488256837158123,4.5625,0.00790699331430158,2016-02-05 19:14:36:560
0000 0000 0000 0000 0000 001E,0.48112709922029,10.9375,0.0790244345831301,2016-02-05 19:14:36:652
0000 0000 0000 0000 0000 001E,0.105929330730014,3.3125,0.0173987403334268,2016-02-05 19:14:36:718
0000 0000 0000 0000 0000 001E,0.107564756852018,-8.5,0.0175999056752689,2016-02-05 19:14:36:846
0000 0000 0000 0000 0000 001E,-0.938954885886342,23.4375,-0.153633196490811,2016-02-05 19:14:36:866
0000 0000 0000 0000 0000 001E,0.443027312998692,3.3125,0.0724887886008223,2016-02-05 19:14:36:903
0000 0000 0000 0000 0000 001E,-1.07800253891158,18.25,-0.176384380514575,2016-02-05 19:14:36:912
0000 0000 0000 0000 0000 001E,0.180389378673384,17.6875,0.0295155787303055,2016-02-05 19:14:36:942
0000 0000 0000 0000 0000 001E,0.411451949593994,-16.75,0.067322380626233,2016-02-05 19:14:36:968
0000 0000 0000 0000 0000 001E,0.220925081064776,0.5625,0.0361678168182444,2016-02-05 19:14:38:022
0000 0000 0000 0000 0000 001E,-0.261260032385243,9.125,-0.0427710830644328,2016-02-05 19:14:38:058
0000 0000 0000 0000 0000 001E,0.310746261100986,-6.375,0.0508725120492747,2016-02-05 19:14:38:092
0000 0000 0000 0000 0000 001E,-0.890745530595226,23.4375,-0.145824643480801,2016-02-05 19:14:38:112
0000 0000 0000 0000 0000 001E,0.469050192122959,7,0.0767885716981652,2016-02-05 19:14:38:142
0000 0000 0000 0000 0000 001E,-1.98184302726298,25.9375,-0.324449063126272,2016-02-05 19:14:38:155
0000 0000 0000 0000 0000 001E,0.4496144106814,0,0.0736067248045948,2016-02-05 19:14:38:178
0000 0000 0000 0000 0000 001E,-0.0945951509163474,-12.5,-0.0155116399425549,2016-02-05 19:14:38:444
0000 0000 0000 0000 0000 001E,0.140054595827901,-4.5625,0.0229660446834492,2016-02-05 19:14:38:483
0000 0000 0000 0000 0000 001E,-0.723097720187062,-1.8125,-0.118573006863142,2016-02-05 19:14:38:496
0000 0000 0000 0000 0000 001E,0.223341909662664,-14.9375,0.0366234342163429,2016-02-05 19:14:38:539
0000 0000 0000 0000 0000 001E,0.662108334544045,-29.5625,0.10916872787206,2016-02-05 19:14:38:720
0000 0000 0000 0000 0000 001E,-0.331938307273963,-19.5,-0.0547301413477269,2016-02-05 19:14:38:735
0000 0000 0000 0000 0000 001E,-0.676677637866768,-8.5,-0.111570921330052,2016-02-05 19:14:38:756
0000 0000 0000 0000 0000 001E,0,-1.8125,0,2016-02-05 19:14:38:790
0000 0000 0000 0000 0000 001E,0.323183141939967,1.1875,0.0529374515872182,2016-02-05 19:14:39:075
0000 0000 0000 0000 0000 001E,-0.531679597114468,-9.75,-0.087089205096555,2016-02-05 19:14:39:090
0000 0000 0000 0000 0000 001E,0.150365303482894,9.125,0.0246298613403593,2016-02-05 19:14:39:122
0000 0000 0000 0000 0000 001E,-0.259329950682853,-7.875,-0.0424782884001397,2016-02-05 19:14:39:135
0000 0000 0000 0000 0000 001E,0.255817962586292,-7,0.0419030241746588,2016-02-05 19:14:39:168
0000 0000 0000 0000 0000 001E,-0.053705969697803,10.375,-0.00884534225053027,2016-02-05 19:14:39:312
0000 0000 0000 0000 0000 001E,0.0408671953465014,10.375,0.00673080351575647,2016-02-05 19:14:39:324
0000 0000 0000 0000 0000 001E,0.276087944264943,-14.9375,0.0454715252700977,2016-02-05 19:14:39:361
0000 0000 0000 0000 0000 001E,-0.749888016722836,18.25,-0.123506124082817,2016-02-05 19:14:39:384
0000 0000 0000 0000 0000 001E,1.2825248296807,13.0625,0.211231100139561,2016-02-05 19:14:39:396
0000 0000 0000 0000 0000 001E,0,4.5625,0,2016-02-05 19:14:39:475
0000 0000 0000 0000 0000 001E,-0.632973160096635,21.3125,-0.103737748172079,2016-02-05 19:14:39:550
0000 0000 0000 0000 0000 001E,0.188707729468592,-12.5,0.0308598085803093,2016-02-05 19:14:39:641
0000 0000 0000 0000 0000 001E,-0.312330092429717,10.375,-0.0510760576336414,2016-02-05 19:14:39:672
0000 0000 0000 0000 0000 001E,0.499043225648773,-9.125,0.0816096853064224,2016-02-05 19:14:39:695
0000 0000 0000 0000 0000 001E,-0.290936669263912,0.5625,-0.0475775419891925,2016-02-05 19:14:39:717
0000 0000 0000 0000 0000 001E,0,0,0,2016-02-05 19:14:39:786
0000 0000 0000 0000 0000 001E,0.297442281920081,-7.875,0.0486414197743386,2016-02-05 19:14:39:811
0000 0000 0000 0000 0000 001E,-0.186637585047015,9.125,-0.0303887519750906,2016-02-05 19:14:39:869
0000 0000 0000 0000 0000 001E,0.023156656075121,12.5,0.00377041889961264,2016-02-05 19:14:39:890
0000 0000 0000 0000 0000 001E,-0.441395264162315,6.375,-0.0718689710983416,2016-02-05 19:14:39:924
0000 0000 0000 0000 0000 001E,0.67142868304269,-10.375,0.109323530481849,2016-02-05 19:14:39:969
0000 0000 0000 0000 0000 001E,0.12815780839895,-11.5625,0.0208669430228956,2016-02-05 19:14:40:007
0000 0000 0000 0000 0000 001E,0.475397965144584,18.25,0.0784700905328061,2016-02-05 19:14:40:055
0000 0000 0000 0000 0000 001E,0.320458517620202,10.375,0.0528954912165395,2016-02-05 19:14:40:090
0000 0000 0000 0000 0000 001E,0.234060422791768,-10.375,0.0386344576822725,2016-02-05 19:14:40:122
0000 0000 0000 0000 0000 001E,-0.136102477979708,-2.6875,-0.0224653333666643,2016-02-05 19:14:40:175
0000 0000 0000 0000 0000 001E,0.225855052481766,-14.9375,0.0372800636833726,2016-02-05 19:14:40:204
0000 0000 0000 0000 0000 001E,-2.51151950278612,25.3125,-0.414556176525907,2016-02-05 19:14:40:213
0000 0000 0000 0000 0000 001E,0.487712252372233,-9.75,0.0800622028518029,2016-02-05 19:14:41:074
0000 0000 0000 0000 0000 001E,0.5199115442171,-10.375,0.0853479963147085,2016-02-05 19:14:41:148
0000 0000 0000 0000 0000 001E,-0.684938140210087,24.6875,-0.112438545588523,2016-02-05 19:14:41:178
0000 0000 0000 0000 0000 001E,0.671023247824097,6.375,0.110154295128443,2016-02-05 19:14:41:196
0000 0000 0000 0000 0000 001E,0.645644738849616,-12.5,0.105988192424014,2016-02-05 19:14:41:216
0000 0000 0000 0000 0000 001E,-0.189036488579172,-9.125,-0.0308967292692736,2016-02-05 19:14:41:282
0000 0000 0000 0000 0000 001E,0.113747767510484,4.5625,0.0185912995113839,2016-02-05 19:14:41:295
0000 0000 0000 0000 0000 001E,0.0209320208342256,-3.9375,0.00342119654059803,2016-02-05 19:14:41:319
0000 0000 0000 0000 0000 001E,-0.633309014267186,35.6875,-0.103510054088889,2016-02-05 19:14:41:355
0000 0000 0000 0000 0000 001E,1.73748393792626,1.8125,0.283979940821509,2016-02-05 19:14:41:365
0000 0000 0000 0000 0000 001E,0.0723141558334711,-3.9375,0.0118192572868653,2016-02-05 19:14:41:426
0000 0000 0000 0000 0000 001E,0.101077731201159,-10.375,0.0166383096627423,2016-02-05 19:14:41:477
0000 0000 0000 0000 0000 001E,-0.335159199400955,-10.9375,-0.0551702385845193,2016-02-05 19:14:41:548
0000 0000 0000 0000 0000 001E,-0.344093379704547,10.375,-0.0564550253822062,2016-02-05 19:14:41:697
0000 0000 0000 0000 0000 001E,0.0259420491977472,16.75,0.00425628370758773,2016-02-05 19:14:41:715
0000 0000 0000 0000 0000 001E,0.443064097393759,-2.6875,0.0726930430506578,2016-02-05 19:14:41:735
0000 0000 0000 0000 0000 001E,-0.0863170649067502,-12.5,-0.0141619466623052,2016-02-05 19:14:41:769
0000 0000 0000 0000 0000 001E,0.0510790065555483,-14.3125,0.00838047687539758,2016-02-05 19:14:41:798
0000 0000 0000 0000 0000 001E,-0.712507296074712,2.6875,-0.116900294680018,2016-02-05 19:14:41:818
0000 0000 0000 0000 0000 001E,0.138657177339202,-0.5625,0.0227493318029863,2016-02-05 19:14:41:840
0000 0000 0000 0000 0000 001E,-0.174935959443966,-2.6875,-0.0284525821811818,2016-02-05 19:14:41:951
0000 0000 0000 0000 0000 001E,0.357761453753986,-16.75,0.0581883633104884,2016-02-05 19:14:41:974
0000 0000 0000 0000 0000 001E,-0.463820805419457,-1.1875,-0.0754384611687922,2016-02-05 19:14:41:994
0000 0000 0000 0000 0000 001E,0.0606033573290305,1.1875,0.00985687568376749,2016-02-05 19:14:42:010
0000 0000 0000 0000 0000 001E,-0.155383404555167,-9.75,-0.0252724431371917,2016-02-05 19:14:42:032
0000 0000 0000 0000 0000 001E,-0.291859683203826,3.9375,-0.0482014340551323,2016-02-05 19:14:42:102
0000 0000 0000 0000 0000 001E,0.137559513748026,4.5625,0.0227183342275849,2016-02-05 19:14:42:120
0000 0000 0000 0000 0000 001E,-1.16111936795995,12.5,-0.191762075633352,2016-02-05 19:14:42:128
0000 0000 0000 0000 0000 001E,0.650384712411705,9.75,0.10741283441977,2016-02-05 19:14:42:153
0000 0000 0000 0000 0000 001E,-0.0867875551737425,-6.375,-0.0143332048181243,2016-02-05 19:14:42:186
0000 0000 0000 0000 0000 001E,-0.561643513009678,25.3125,-0.0927569798529609,2016-02-05 19:14:42:212
0000 0000 0000 0000 0000 001E,0.84829960041696,-7.875,0.140099025667541,2016-02-05 19:14:42:229
0000 0000 0000 0000 0000 001E,0.064550467104394,-4.5625,0.0104874845011201,2016-02-05 19:14:42:296
0000 0000 0000 0000 0000 001E,0.794532389743014,-18.875,0.129087309462715,2016-02-05 19:14:42:314
0000 0000 0000 0000 0000 001E,-0.25341399331798,-6.375,-0.0411720541540178,2016-02-05 19:14:42:345
0000 0000 0000 0000 0000 001E,-0.453642411573428,-3.9375,-0.0737030725545782,2016-02-05 19:14:42:360
0000 0000 0000 0000 0000 001E,4.37446118822347,-1.1875,0.710716683708118,2016-02-05 19:14:42:418
0000 0000 0000 0000 0000 001E,-0.0167730840575721,-11.5625,-0.00275646410149089,2016-02-05 19:14:42:504
0000 0000 0000 0000 0000 001E,-1.04414730754277,3.9375,-0.171593641338171,2016-02-05 19:14:42:514
0000 0000 0000 0000 0000 001E,0.565885635215602,-6.375,0.0929968176196552,2016-02-05 19:14:42:596
0000 0000 0000 0000 0000 001E,1.15713673214843,-20.75,0.190162158118065,2016-02-05 19:14:42:650
0000 0000 0000 0000 0000 001E,0.0392619507096048,2.6875,0.00639619072108685,2016-02-05 19:14:42:906
0000 0000 0000 0000 0000 001E,0.118678096897027,18.875,0.019333928356833,2016-02-05 19:14:42:973
0000 0000 0000 0000 0000 001E,-0.206505075068725,24.0625,-0.0336418802718531,2016-02-05 19:14:43:043
0000 0000 0000 0000 0000 001E,0.56745332474357,-13.6875,0.0938197836445694,2016-02-05 19:14:43:329
0000 0000 0000 0000 0000 001E,0.328445562869361,3.9375,0.0543034824253559,2016-02-05 19:14:43:350
0000 0000 0000 0000 0000 001E,-1.88288197450224,13.0625,-0.31130592028144,2016-02-05 19:14:43:363
0000 0000 0000 0000 0000 001E,0.37836218458176,-14.9375,0.0625564372414043,2016-02-05 19:14:43:413
0000 0000 0000 0000 0000 001E,-0.118785882839488,-0.5625,-0.0196394405356001,2016-02-05 19:14:43:434
0000 0000 0000 0000 0000 001E,-0.457138677589235,-17.0625,-0.0755393022730765,2016-02-05 19:14:44:012
0000 0000 0000 0000 0000 001E,0.0577907475626174,-7.625,0.0095233311006785,2016-02-05 19:14:45:230
0000 0000 0000 0000 0000 001E,-0.0153441408459556,-17.0625,-0.00252855932644146,2016-02-05 19:14:45:262
0000 0000 0000 0000 0000 001E,-0.844672865439269,8.1875,-0.139193551019929,2016-02-05 19:14:45:286
0000 0000 0000 0000 0000 001E,-0.0456529615258769,9.125,-0.00753142065315538,2016-02-05 19:14:46:181
0000 0000 0000 0000 0000 001E,-0.170343873556088,2.6875,-0.0281018213180239,2016-02-05 19:14:46:207
0000 0000 0000 0000 0000 001E,0.362750488758553,-2.6875,0.0598433580575011,2016-02-05 19:14:46:232
0000 0000 0000 0000 0000 001E,-0.995788885402776,13.0625,-0.164276417718357,2016-02-05 19:14:46:245
0000 0000 0000 0000 0000 001E,-0.275536475641106,23.4375,-0.045455563757125,2016-02-05 19:14:46:277
0000 0000 0000 0000 0000 001E,0.420932112068965,2.6875,0.0694416462032937,2016-02-05 19:14:46:307
0000 0000 0000 0000 0000 001E,-0.215767233760493,4.5625,-0.035227303471101,2016-02-05 19:14:46:388
0000 0000 0000 0000 0000 001E,0.299075324349908,4.5625,0.0488286243836585,2016-02-05 19:14:46:406
0000 0000 0000 0000 0000 001E,0.285390533675027,-14.3125,0.0465943728449024,2016-02-05 19:14:46:428
0000 0000 0000 0000 0000 001E,-0.163523526456799,-3.9375,-0.0266977186051916,2016-02-05 19:14:46:449
0000 0000 0000 0000 0000 001E,-0.0296467061323607,-8.5,-0.00484027855222216,2016-02-05 19:14:46:482
0000 0000 0000 0000 0000 001E,-0.175978345747238,7.875,-0.0287311584893451,2016-02-05 19:14:46:498
0000 0000 0000 0000 0000 001E,-0.425818934975748,1.1875,-0.0689585319798782,2016-02-05 19:14:46:563
0000 0000 0000 0000 0000 001E,0.197544755739863,5.75,0.0319910535611115,2016-02-05 19:14:46:583
0000 0000 0000 0000 0000 001E,-0.103150746426309,6.375,-0.01670457432005,2016-02-05 19:14:46:597
0000 0000 0000 0000 0000 001E,0.179337146949717,0,0.0290424529473226,2016-02-05 19:14:46:624
0000 0000 0000 0000 0000 001E,-0.374945462478185,0,-0.0607199129519328,2016-02-05 19:14:46:638
0000 0000 0000 0000 0000 001E,-0.329726680322333,3.9375,-0.0533970332505803,2016-02-05 19:14:46:661
0000 0000 0000 0000 0000 001E,-0.261060616186593,10.375,-0.0422770228642255,2016-02-05 19:14:46:676
0000 0000 0000 0000 0000 001E,-0.255455159785499,7,-0.0413692566454249,2016-02-05 19:14:46:698
0000 0000 0000 0000 0000 001E,0.372705327837571,-1.1875,0.0603571381113475,2016-02-05 19:14:46:712
0000 0000 0000 0000 0000 001E,0.081744653245721,1.8125,0.0134264418142438,2016-02-05 19:14:46:767
0000 0000 0000 0000 0000 001E,-0.013091703086039,-1.8125,-0.00215029341681452,2016-02-05 19:14:46:805
0000 0000 0000 0000 0000 001E,0.163727186721594,-10.375,0.0268919551144145,2016-02-05 19:14:46:825
0000 0000 0000 0000 0000 001E,-0.253825025991683,7,-0.0416903957281712,2016-02-05 19:14:46:850
0000 0000 0000 0000 0000 001E,-0.528933573197154,9.125,-0.0868765792275642,2016-02-05 19:14:46:857
0000 0000 0000 0000 0000 001E,0.189780401302046,-3.3125,0.031171158166227,2016-02-05 19:14:46:898
0000 0000 0000 0000 0000 001E,-0.967192819560508,14.9375,-0.158860030587546,2016-02-05 19:14:46:914
0000 0000 0000 0000 0000 001E,0.215787666908678,-7,0.0353074993578421,2016-02-05 19:14:46:977
0000 0000 0000 0000 0000 001E,-0.17709315610039,2.6875,-0.0289762458849833,2016-02-05 19:14:46:991
0000 0000 0000 0000 0000 001E,-0.015015722061629,6.375,-0.00245689480146643,2016-02-05 19:14:47:023
0000 0000 0000 0000 0000 001E,0,-0.5625,0,2016-02-05 19:14:47:055
0000 0000 0000 0000 0000 001E,-0.0340645493232859,0.5625,-0.0055736922808758,2016-02-05 19:14:47:069
0000 0000 0000 0000 0000 001E,0.330013650754126,-1.8125,0.0539973249120468,2016-02-05 19:14:47:097
0000 0000 0000 0000 0000 001E,-0.784160804907819,10.9375,-0.128305558479599,2016-02-05 19:14:47:113
0000 0000 0000 0000 0000 001E,0.135332940687363,0,0.0222526074026905,2016-02-05 19:14:47:368
0000 0000 0000 0000 0000 001E,-0.160867134240604,5.1875,-0.0264511593708858,2016-02-05 19:14:47:408
0000 0000 0000 0000 0000 001E,0.0964683116479921,4.5625,0.015862150449108,2016-02-05 19:14:47:450
0000 0000 0000 0000 0000 001E,0.0742557788817363,13.6875,0.012209774548929,2016-02-05 19:14:47:470
0000 0000 0000 0000 0000 001E,0.682602874859076,-22.875,0.110842144767374,2016-02-05 19:14:47:558
0000 0000 0000 0000 0000 001E,-0.667535352672277,16.75,-0.10839545645558,2016-02-05 19:14:47:581
0000 0000 0000 0000 0000 001E,-0.111837207970683,4.5625,-0.0181603044066062,2016-02-05 19:14:47:603
0000 0000 0000 0000 0000 001E,0.317065746753247,7,0.0514856422332742,2016-02-05 19:14:47:618
0000 0000 0000 0000 0000 001E,0.189705213274988,1.8125,0.0308046354438411,2016-02-05 19:14:47:667
0000 0000 0000 0000 0000 001E,0.0462584671498286,3.9375,0.00755651518919063,2016-02-05 19:14:47:761
0000 0000 0000 0000 0000 001E,-0.570628903888777,5.75,-0.0932146317269987,2016-02-05 19:14:47:786
0000 0000 0000 0000 0000 001E,0.0901287009007669,9.125,0.0147229024068773,2016-02-05 19:14:47:813
0000 0000 0000 0000 0000 001E,0.533705519795967,-6.375,0.0871830416219929,2016-02-05 19:14:47:838
0000 0000 0000 0000 0000 001E,-0.968986785134404,9.125,-0.158288067269437,2016-02-05 19:14:47:849
0000 0000 0000 0000 0000 001E,0.597468644845522,1.1875,0.097599016310186,2016-02-05 19:14:47:862
0000 0000 0000 0000 0000 001E,-0.200490893359925,-13.6875,-0.0327510307693861,2016-02-05 19:14:47:879
0000 0000 0000 0000 0000 001E,-0.122841484038688,1.1875,-0.020066673134553,2016-02-05 19:14:47:915
