0000 0000 0000 0000 0000 001E,0.623081767578985,7.875,0.103530617709053,2016-02-05 21:51:38:248
0000 0000 0000 0000 0000 001E,-1.18436466372657,42.375,-0.196792799289931,2016-02-05 21:51:38:261
0000 0000 0000 0000 0000 001E,3.14003062593838,40.25,0.519442618021237,2016-02-05 21:51:38:436
0000 0000 0000 0000 0000 001E,0.918520737223991,-16.75,0.151947185644994,2016-02-05 21:51:38:458
0000 0000 0000 0000 0000 001E,0.175729234146692,14.625,0.0286748818297566,2016-02-05 21:51:38:517
0000 0000 0000 0000 0000 001E,-0.259121061359866,-0.5625,-0.0422824685384607,2016-02-05 21:51:38:532
0000 0000 0000 0000 0000 001E,-0.200988412776818,21.9375,-0.0327965862567556,2016-02-05 21:51:38:653
0000 0000 0000 0000 0000 001E,-1.00587661859917,16.75,-0.165758300236063,2016-02-05 21:51:38:724
0000 0000 0000 0000 0000 001E,0.240506307464972,-13.6875,0.0396330086456971,2016-02-05 21:51:38:743
0000 0000 0000 0000 0000 001E,-1.02630826533135,-15.5625,-0.169125229112555,2016-02-05 21:51:38:775
0000 0000 0000 0000 0000 001E,-1.28858829950578,24.6875,-0.212346327850445,2016-02-05 21:51:38:796
0000 0000 0000 0000 0000 001E,0.910319267173377,-3.9375,0.150011414530081,2016-02-05 21:51:38:803
0000 0000 0000 0000 0000 001E,-1.10687145801133,9.75,-0.182401229004889,2016-02-05 21:51:38:832
0000 0000 0000 0000 0000 001E,0.507788803189183,-18.25,0.0836784624865448,2016-02-05 21:51:38:843
0000 0000 0000 0000 0000 001E,-0.0770970394736812,-14.9375,-0.0127048128767395,2016-02-05 21:51:38:862
0000 0000 0000 0000 0000 001E,-0.809865238424325,-14.9375,-0.131792553038946,2016-02-05 21:51:38:970
0000 0000 0000 0000 0000 001E,-3.03071120689655,7.625,-0.493199545467299,2016-02-05 21:51:38:992
0000 0000 0000 0000 0000 001E,0.377949166418575,19.5,0.0612063427398501,2016-02-05 21:51:40:139
0000 0000 0000 0000 0000 001E,1.32352110731854,3.9375,0.214335401994905,2016-02-05 21:51:40:149
0000 0000 0000 0000 0000 001E,-0.160571881394328,8.5,-0.0260035435456402,2016-02-05 21:51:40:176
0000 0000 0000 0000 0000 001E,0.304889946924757,5.75,0.049374890190244,2016-02-05 21:51:40:189
0000 0000 0000 0000 0000 001E,1.00428962664878,-6.375,0.162637996218426,2016-02-05 21:51:40:212
0000 0000 0000 0000 0000 001E,0,11.5625,0,2016-02-05 21:51:40:234
0000 0000 0000 0000 0000 001E,0.81109842192691,-7.875,0.131351971162253,2016-02-05 21:51:40:247
0000 0000 0000 0000 0000 001E,0.0529895727825211,-8.5,0.0085813073332018,2016-02-05 21:51:40:275
0000 0000 0000 0000 0000 001E,0.115215018876827,-16.125,0.0186583026521178,2016-02-05 21:51:40:296
0000 0000 0000 0000 0000 001E,0.577316244088277,0,0.0934925091640935,2016-02-05 21:51:40:304
0000 0000 0000 0000 0000 001E,1.85076353961659,-37.8125,0.303985251511074,2016-02-05 21:51:40:373
0000 0000 0000 0000 0000 001E,-0.05857969087419,-4.5625,-0.00962163003682288,2016-02-05 21:51:40:398
0000 0000 0000 0000 0000 001E,0.253323605706874,19.5,0.0416080381670201,2016-02-05 21:51:40:409
0000 0000 0000 0000 0000 001E,-0.684919400452489,32,-0.112497027175333,2016-02-05 21:51:40:431
0000 0000 0000 0000 0000 001E,1.37690539227973,-8.1875,0.226154731828043,2016-02-05 21:51:40:447
0000 0000 0000 0000 0000 001E,-0.879010983223533,-3.3125,-0.143590141555709,2016-02-05 21:51:41:419
0000 0000 0000 0000 0000 001E,-1.43841291272861,5.1875,-0.234970799792313,2016-02-05 21:51:41:436
0000 0000 0000 0000 0000 001E,-0.763481698649609,3.3125,-0.124717946961548,2016-02-05 21:51:41:450
0000 0000 0000 0000 0000 001E,-0.0752637724273997,-2.6875,-0.0122946538133514,2016-02-05 21:51:41:482
0000 0000 0000 0000 0000 001E,0.598798653692349,2.6875,0.0978162788498255,2016-02-05 21:51:41:501
0000 0000 0000 0000 0000 001E,1.00175823748834,-0.5625,0.163641421860334,2016-02-05 21:51:41:517
0000 0000 0000 0000 0000 001E,0.31449841277144,-0.5625,0.0513746386231592,2016-02-05 21:51:41:539
0000 0000 0000 0000 0000 001E,0.316716125056757,0.5625,0.0514846044524666,2016-02-05 21:51:41:593
0000 0000 0000 0000 0000 001E,0.512601335588476,-0.5625,0.0833272287599798,2016-02-05 21:51:41:610
0000 0000 0000 0000 0000 001E,0.638902518809288,7,0.103858442504896,2016-02-05 21:51:41:622
0000 0000 0000 0000 0000 001E,0.406328014978878,9.125,0.0660516957429766,2016-02-05 21:51:41:638
0000 0000 0000 0000 0000 001E,0.794561237675887,0,0.129161945978199,2016-02-05 21:51:41:659
0000 0000 0000 0000 0000 001E,0.417334401709402,7,0.0678408672515961,2016-02-05 21:51:41:680
0000 0000 0000 0000 0000 001E,0.685539798460143,-1.1875,0.111439685471711,2016-02-05 21:51:41:702
0000 0000 0000 0000 0000 001E,0.429009322063682,3.9375,0.0697387139632103,2016-02-05 21:51:41:730
0000 0000 0000 0000 0000 001E,0.742125161486435,-8.5,0.121493887282909,2016-02-05 21:51:41:821
0000 0000 0000 0000 0000 001E,0.558195198628178,-11.5625,0.0913825700346266,2016-02-05 21:51:41:835
0000 0000 0000 0000 0000 001E,0.345409127294389,0.5625,0.0565471968285493,2016-02-05 21:51:41:862
0000 0000 0000 0000 0000 001E,-0.422654528643374,7,-0.0691931015514392,2016-02-05 21:51:41:875
0000 0000 0000 0000 0000 001E,-0.0273495845780432,-1.8125,-0.00443866668834891,2016-02-05 21:51:42:033
0000 0000 0000 0000 0000 001E,0.69076038903625,-9.125,0.112106095055924,2016-02-05 21:51:42:044
0000 0000 0000 0000 0000 001E,-0.189182971716389,9.75,-0.0307032142358219,2016-02-05 21:51:42:065
0000 0000 0000 0000 0000 001E,0.346495351972751,11.5625,0.0562340306149988,2016-02-05 21:51:42:086
0000 0000 0000 0000 0000 001E,1.63205522637496,-2.6875,0.264872365654579,2016-02-05 21:51:42:102
0000 0000 0000 0000 0000 001E,2.11108373601221,13.0625,0.342615699650345,2016-02-05 21:51:42:110
0000 0000 0000 0000 0000 001E,-0.807041342264364,5.75,-0.132338017315829,2016-02-05 21:51:42:198
0000 0000 0000 0000 0000 001E,-0.753009145024984,0.5625,-0.123477859255258,2016-02-05 21:51:42:237
0000 0000 0000 0000 0000 001E,-0.663263862282747,-3.9375,-0.108761496958089,2016-02-05 21:51:42:266
0000 0000 0000 0000 0000 001E,-1.19928728070176,3.9375,-0.196658203995915,2016-02-05 21:51:42:283
0000 0000 0000 0000 0000 001E,-1.0591784164859,-3.3125,-0.173683260424034,2016-02-05 21:51:42:312
0000 0000 0000 0000 0000 001E,-1.18939880912105,-0.5625,-0.19503670004718,2016-02-05 21:51:42:327
0000 0000 0000 0000 0000 001E,-0.881244244935542,-6.375,-0.144505752107495,2016-02-05 21:51:42:354
0000 0000 0000 0000 0000 001E,0.0281154632348706,-3.9375,0.00463569055809903,2016-02-05 21:51:42:404
0000 0000 0000 0000 0000 001E,-0.311385804974201,0,-0.0513414352801651,2016-02-05 21:51:42:421
0000 0000 0000 0000 0000 001E,-0.221758823720237,9.125,-0.0365636972333449,2016-02-05 21:51:42:452
0000 0000 0000 0000 0000 001E,0.962203463695621,-1.1875,0.158648551310078,2016-02-05 21:51:42:459
0000 0000 0000 0000 0000 001E,0.424368345904336,9.75,0.0699700487888435,2016-02-05 21:51:42:491
0000 0000 0000 0000 0000 001E,1.049867988364,3.9375,0.173102718609069,2016-02-05 21:51:42:507
0000 0000 0000 0000 0000 001E,0.583347437378041,7,0.0945202437015459,2016-02-05 21:51:42:634
0000 0000 0000 0000 0000 001E,1.2348850075081,-5.1875,0.200089388200071,2016-02-05 21:51:42:647
0000 0000 0000 0000 0000 001E,1.16564018043026,-5.75,0.188869594452647,2016-02-05 21:51:42:683
0000 0000 0000 0000 0000 001E,1.16021713819541,3.3125,0.190043757280166,2016-02-05 21:51:42:872
0000 0000 0000 0000 0000 001E,0.983105794303067,2.6875,0.161032890139733,2016-02-05 21:51:42:928
0000 0000 0000 0000 0000 001E,1.07450804062632,0,0.176004593059185,2016-02-05 21:51:42:952
0000 0000 0000 0000 0000 001E,0.430963150926746,-0.5625,0.0709793825297961,2016-02-05 21:51:43:017
0000 0000 0000 0000 0000 001E,0.172528834990662,1.1875,0.0284153996690632,2016-02-05 21:51:43:037
0000 0000 0000 0000 0000 001E,-0.401590157339533,3.9375,-0.0661416674179852,2016-02-05 21:51:43:117
0000 0000 0000 0000 0000 001E,-0.413719756166444,-2.6875,-0.0681394053526946,2016-02-05 21:51:43:127
0000 0000 0000 0000 0000 001E,-0.26406070438721,1.8125,-0.0434906457953133,2016-02-05 21:51:43:166
0000 0000 0000 0000 0000 001E,-0.764101093300626,1.8125,-0.125228258940283,2016-02-05 21:51:43:254
0000 0000 0000 0000 0000 001E,-1.04529033984479,4.5625,-0.171312265475792,2016-02-05 21:51:43:319
0000 0000 0000 0000 0000 001E,0.214258289224693,4.5625,0.0351147155243965,2016-02-05 21:51:43:355
0000 0000 0000 0000 0000 001E,-0.146697085774378,10.375,-0.0240421336969753,2016-02-05 21:51:43:362
0000 0000 0000 0000 0000 001E,0.370377686472819,11.5625,0.0605687140593327,2016-02-05 21:51:43:454
0000 0000 0000 0000 0000 001E,3.30187483094401,3.9375,0.539963177586919,2016-02-05 21:51:43:458
0000 0000 0000 0000 0000 001E,0.795474964063251,-9.125,0.130085848579436,2016-02-05 21:51:43:503
0000 0000 0000 0000 0000 001E,-1.41667674081238,-1.8125,-0.230666497825625,2016-02-05 21:51:43:658
0000 0000 0000 0000 0000 001E,0.317684612882235,-1.1875,0.0517261242142038,2016-02-05 21:51:43:695
0000 0000 0000 0000 0000 001E,0.242050918734922,-5.75,0.0394112757777349,2016-02-05 21:51:43:726
0000 0000 0000 0000 0000 001E,0.419653856070593,6.375,0.0683289860630545,2016-02-05 21:51:43:743
0000 0000 0000 0000 0000 001E,4.91723313192346,-21.3125,0.811647834705386,2016-02-05 21:51:43:914
0000 0000 0000 0000 0000 001E,2.2520526294863,2.6875,0.37172808189595,2016-02-05 21:51:43:932
0000 0000 0000 0000 0000 001E,1.97614381810096,-0.5625,0.326186049755316,2016-02-05 21:51:43:955
0000 0000 0000 0000 0000 001E,2.86317377086152,-7.875,0.463171815183854,2016-02-05 21:51:44:052
0000 0000 0000 0000 0000 001E,1.66770191769317,-3.3125,0.269781922517094,2016-02-05 21:51:44:166
0000 0000 0000 0000 0000 001E,0.666408257064865,5.1875,0.107803977956031,2016-02-05 21:51:44:210
0000 0000 0000 0000 0000 001E,0.805672119221192,1.8125,0.133426241107567,2016-02-05 21:51:44:302
0000 0000 0000 0000 0000 001E,0.993270732681898,0,0.164494187029848,2016-02-05 21:51:44:345
0000 0000 0000 0000 0000 001E,0.675921022274426,-1.8125,0.111938342082433,2016-02-05 21:51:44:393
0000 0000 0000 0000 0000 001E,-0.120954507171343,0.5625,-0.0200532479421956,2016-02-05 21:51:44:464
0000 0000 0000 0000 0000 001E,0.101352227911156,3.9375,0.0168033536188709,2016-02-05 21:51:44:478
0000 0000 0000 0000 0000 001E,0.0957575152686728,-0.5625,0.0158757969497661,2016-02-05 21:51:44:514
0000 0000 0000 0000 0000 001E,0.320838961086372,-7,0.0531924223961932,2016-02-05 21:51:44:527
0000 0000 0000 0000 0000 001E,0.341455419580418,-5.75,0.0566104591733217,2016-02-05 21:51:44:550
0000 0000 0000 0000 0000 001E,0.11890158525301,-3.3125,0.0197128906194545,2016-02-05 21:51:44:571
0000 0000 0000 0000 0000 001E,0.243006594226941,-0.5625,0.0402884654700648,2016-02-05 21:51:44:601
0000 0000 0000 0000 0000 001E,-0.336108242987436,1.1875,-0.0557239419155739,2016-02-05 21:51:44:613
0000 0000 0000 0000 0000 001E,-0.098270440251572,-0.5625,-0.0161319464161267,2016-02-05 21:51:44:866
0000 0000 0000 0000 0000 001E,2.23455069952929,-3.3125,0.366820908267462,2016-02-05 21:51:44:920
0000 0000 0000 0000 0000 001E,0.335311942040928,-0.5625,0.0548044579745456,2016-02-05 21:51:45:103
0000 0000 0000 0000 0000 001E,0.465783888199943,-4.5625,0.0761292108199307,2016-02-05 21:51:45:114
0000 0000 0000 0000 0000 001E,0.040884304613581,-5.1875,0.00668226171837337,2016-02-05 21:51:45:138
0000 0000 0000 0000 0000 001E,0.148775517976844,-4.5625,0.0243163472585416,2016-02-05 21:51:45:164
0000 0000 0000 0000 0000 001E,0.0371627406956388,-0.5625,0.00607399738964405,2016-02-05 21:51:45:190
0000 0000 0000 0000 0000 001E,0.0891349488864557,1.1875,0.0145685015886335,2016-02-05 21:51:45:207
0000 0000 0000 0000 0000 001E,-0.364715603525552,11.5625,-0.0600354902922719,2016-02-05 21:51:45:262
0000 0000 0000 0000 0000 001E,0.620317696072938,0.5625,0.102109908818591,2016-02-05 21:51:45:289
0000 0000 0000 0000 0000 001E,0.12291019885887,-10.9375,0.0202321314994025,2016-02-05 21:51:45:301
0000 0000 0000 0000 0000 001E,0.231096510832981,3.3125,0.038040577914894,2016-02-05 21:51:45:339
0000 0000 0000 0000 0000 001E,0.244650313152403,0.5625,0.0402716564859923,2016-02-05 21:51:45:351
0000 0000 0000 0000 0000 001E,0.0951676168201527,2.6875,0.0156654513284202,2016-02-05 21:51:45:371
0000 0000 0000 0000 0000 001E,0.885570165495355,-5.75,0.145772866748207,2016-02-05 21:51:45:385
0000 0000 0000 0000 0000 001E,0.297940093270572,-9.125,0.0490436367523576,2016-02-05 21:51:45:408
0000 0000 0000 0000 0000 001E,0.379922053020616,-5.75,0.0625386095507187,2016-02-05 21:51:45:426
0000 0000 0000 0000 0000 001E,0.386550305020025,10.9375,0.0634208867957384,2016-02-05 21:51:45:472
0000 0000 0000 0000 0000 001E,1.13801021190469,1.8125,0.186712093831778,2016-02-05 21:51:45:505
0000 0000 0000 0000 0000 001E,-0.242563959264781,20.75,-0.0397972041451651,2016-02-05 21:51:45:511
0000 0000 0000 0000 0000 001E,1.05492445226158,14.3125,0.173080303898537,2016-02-05 21:51:45:547
0000 0000 0000 0000 0000 001E,1.08489723853357,6.375,0.177997906240126,2016-02-05 21:51:45:566
0000 0000 0000 0000 0000 001E,1.09235178970917,7.875,0.179220966318158,2016-02-05 21:51:45:616
0000 0000 0000 0000 0000 001E,1.22474216832106,-1.1875,0.200942111291396,2016-02-05 21:51:45:635
0000 0000 0000 0000 0000 001E,0.164820675105485,4.5625,0.026807374644427,2016-02-05 21:51:45:698
0000 0000 0000 0000 0000 001E,0.890606271822398,-3.9375,0.144853283571005,2016-02-05 21:51:45:718
0000 0000 0000 0000 0000 001E,0.483698839937434,1.8125,0.0786715380760261,2016-02-05 21:51:45:746
0000 0000 0000 0000 0000 001E,0.430355411598803,-1.1875,0.069995458649846,2016-02-05 21:51:45:769
0000 0000 0000 0000 0000 001E,0.529665804888631,-7.875,0.086147867425638,2016-02-05 21:51:45:783
0000 0000 0000 0000 0000 001E,0.645386848564956,0,0.104969397977494,2016-02-05 21:51:45:840
0000 0000 0000 0000 0000 001E,0.500595909370517,0,0.082674799235428,2016-02-05 21:51:45:895
0000 0000 0000 0000 0000 001E,0.491699733864004,-1.8125,0.0812055712409586,2016-02-05 21:51:45:915
0000 0000 0000 0000 0000 001E,0.398995029053935,5.1875,0.0658951327917316,2016-02-05 21:51:45:926
0000 0000 0000 0000 0000 001E,0.513317917457948,3.9375,0.0847758740640707,2016-02-05 21:51:45:956
0000 0000 0000 0000 0000 001E,1.00594446113567,-10.375,0.166134510509607,2016-02-05 21:51:45:979
0000 0000 0000 0000 0000 001E,0.617192108367745,-7,0.101930984040916,2016-02-05 21:51:46:003
0000 0000 0000 0000 0000 001E,1.04972516286645,-9.125,0.173365014511387,2016-02-05 21:51:46:018
0000 0000 0000 0000 0000 001E,0.656292002688173,0,0.106627457788493,2016-02-05 21:51:46:070
0000 0000 0000 0000 0000 001E,0.433931348589204,0,0.070500625278506,2016-02-05 21:51:46:093
0000 0000 0000 0000 0000 001E,0.466317686944891,0.5625,0.0757624186750431,2016-02-05 21:51:46:103
0000 0000 0000 0000 0000 001E,0.47270560046469,3.9375,0.0768002600267572,2016-02-05 21:51:46:124
0000 0000 0000 0000 0000 001E,0.612058263426863,0,0.0994408226526179,2016-02-05 21:51:46:145
0000 0000 0000 0000 0000 001E,0.700331677082267,4.5625,0.113782563295251,2016-02-05 21:51:46:164
0000 0000 0000 0000 0000 001E,0.555033248711731,0,0.0901759949166094,2016-02-05 21:51:46:205
0000 0000 0000 0000 0000 001E,0.884433962264151,4.5625,0.143693576322364,2016-02-05 21:51:46:218
0000 0000 0000 0000 0000 001E,0.587830313609824,-1.1875,0.0955045188643093,2016-02-05 21:51:46:235
0000 0000 0000 0000 0000 001E,1.26223212006127,-14.9375,0.207433380453784,2016-02-05 21:51:46:290
0000 0000 0000 0000 0000 001E,0.705608742774567,5.75,0.115958708755064,2016-02-05 21:51:46:303
0000 0000 0000 0000 0000 001E,0.058645357914965,1.1875,0.00963769234428348,2016-02-05 21:51:46:319
0000 0000 0000 0000 0000 001E,0.958382278593945,4.5625,0.157499141921766,2016-02-05 21:51:46:336
0000 0000 0000 0000 0000 001E,0.915301741208153,5.1875,0.150419349417938,2016-02-05 21:51:46:374
0000 0000 0000 0000 0000 001E,0.672129737170388,-7.875,0.110456817940902,2016-02-05 21:51:46:397
0000 0000 0000 0000 0000 001E,0.400269131545954,-8.5,0.0657796436394337,2016-02-05 21:51:46:439
0000 0000 0000 0000 0000 001E,0.720790124368011,-5.75,0.11963321566274,2016-02-05 21:51:46:498
0000 0000 0000 0000 0000 001E,-0.0337187521579988,14.9375,-0.00559647338721972,2016-02-05 21:51:46:512
0000 0000 0000 0000 0000 001E,0.265896670426699,1.8125,0.0441322274567136,2016-02-05 21:51:46:538
0000 0000 0000 0000 0000 001E,0.118407093058502,10.9375,0.0196526295532784,2016-02-05 21:51:46:554
0000 0000 0000 0000 0000 001E,0.210334185072055,-0.5625,0.0349102381862332,2016-02-05 21:51:46:580
0000 0000 0000 0000 0000 001E,0.224910755412252,0.5625,0.0373295859605397,2016-02-05 21:51:46:597
0000 0000 0000 0000 0000 001E,0.502896684905051,-10.375,0.0834683294448218,2016-02-05 21:51:46:613
0000 0000 0000 0000 0000 001E,0.134730133233474,2.6875,0.0223618478395808,2016-02-05 21:51:46:638
0000 0000 0000 0000 0000 001E,-0.312107161119871,9.75,-0.050845586932371,2016-02-05 21:51:46:732
0000 0000 0000 0000 0000 001E,-0.0874376977257804,-3.9375,-0.0142445339765051,2016-02-05 21:51:46:765
0000 0000 0000 0000 0000 001E,-0.347215363647138,-0.5625,-0.0565650877513664,2016-02-05 21:51:46:791
0000 0000 0000 0000 0000 001E,0,-25.9375,0,2016-02-05 21:51:46:901
0000 0000 0000 0000 0000 001E,-0.0592694214040062,7.875,-0.00982094803711784,2016-02-05 21:51:46:925
0000 0000 0000 0000 0000 001E,-0.144656876460712,-0.5625,-0.0239696564143682,2016-02-05 21:51:46:956
0000 0000 0000 0000 0000 001E,0.136639499090527,-5.1875,0.0226411763198885,2016-02-05 21:51:46:970
0000 0000 0000 0000 0000 001E,-1.48079666249805,25.3125,-0.245368129659991,2016-02-05 21:51:47:002
0000 0000 0000 0000 0000 001E,-0.25799154613302,14.9375,-0.0427492205688517,2016-02-05 21:51:47:055
0000 0000 0000 0000 0000 001E,-0.0636556470537117,-4.5625,-0.0105244938639369,2016-02-05 21:51:47:110
0000 0000 0000 0000 0000 001E,-0.566604939465439,0.5625,-0.0936795160317617,2016-02-05 21:51:47:136
0000 0000 0000 0000 0000 001E,-0.419256400749356,1.8125,-0.0693176744143328,2016-02-05 21:51:47:162
0000 0000 0000 0000 0000 001E,-0.490878153781295,-1.8125,-0.081159242840666,2016-02-05 21:51:47:217
0000 0000 0000 0000 0000 001E,-0.693471871548052,4.5625,-0.114655035251813,2016-02-05 21:51:47:229
0000 0000 0000 0000 0000 001E,-0.225651319969961,-3.3125,-0.0373080165285137,2016-02-05 21:51:47:247
0000 0000 0000 0000 0000 001E,-0.552408694048205,1.8125,-0.0913323825927041,2016-02-05 21:51:47:267
0000 0000 0000 0000 0000 001E,0.282774721297234,7,0.0457687706442785,2016-02-05 21:51:47:319
0000 0000 0000 0000 0000 001E,-0.286847095514547,20.75,-0.0464279086346717,2016-02-05 21:51:47:348
0000 0000 0000 0000 0000 001E,0.126859249155624,-5.1875,0.020532924060797,2016-02-05 21:51:47:363
0000 0000 0000 0000 0000 001E,-1.48784990676733,1.8125,-0.244779255294872,2016-02-05 21:51:47:551
0000 0000 0000 0000 0000 001E,-0.718787376943602,2.6875,-0.118254024174982,2016-02-05 21:51:47:632
0000 0000 0000 0000 0000 001E,-0.979019647350213,-0.5625,-0.161067120485365,2016-02-05 21:51:47:658
0000 0000 0000 0000 0000 001E,0.0696872658507865,0,0.0115153840568636,2016-02-05 21:51:47:721
0000 0000 0000 0000 0000 001E,0.177210452297784,-1.8125,0.0292829169316085,2016-02-05 21:51:47:743
0000 0000 0000 0000 0000 001E,-0.233125447600863,-9.75,-0.0385225195705089,2016-02-05 21:51:47:760
0000 0000 0000 0000 0000 001E,-1.4261299307561,-7,-0.235659035652344,2016-02-05 21:51:47:826
0000 0000 0000 0000 0000 001E,-4.74215913912592,-18.875,-0.769206673013126,2016-02-05 21:51:47:948
0000 0000 0000 0000 0000 001E,-3.82805984153461,-0.5625,-0.620934280865306,2016-02-05 21:51:47:984
0000 0000 0000 0000 0000 001E,-1.944913144501,3.3125,-0.315476584671695,2016-02-05 21:51:47:997
0000 0000 0000 0000 0000 001E,-1.01592363429622,1.8125,-0.164788910672542,2016-02-05 21:51:48:039
0000 0000 0000 0000 0000 001E,-0.462595051109449,1.1875,-0.0750356936106163,2016-02-05 21:51:48:059
0000 0000 0000 0000 0000 001E,-1.45717589239149,-3.9375,-0.236234946078059,2016-02-05 21:51:48:171
0000 0000 0000 0000 0000 001E,-1.73740837603188,-7,-0.281665772931405,2016-02-05 21:51:48:185
0000 0000 0000 0000 0000 001E,-1.99495016201747,-5.75,-0.323418021402454,2016-02-05 21:51:48:199
0000 0000 0000 0000 0000 001E,-1.90144242047481,0.5625,-0.308258700968626,2016-02-05 21:51:48:236
0000 0000 0000 0000 0000 001E,-2.06551525884644,-5.1875,-0.343203864665705,2016-02-05 21:51:48:340
0000 0000 0000 0000 0000 001E,-2.34620090739417,-1.8125,-0.38984229976087,2016-02-05 21:51:48:388
0000 0000 0000 0000 0000 001E,-2.29967620559025,-8.5,-0.382111803753573,2016-02-05 21:51:48:408
0000 0000 0000 0000 0000 001E,-2.19814905832407,0,-0.365242158680267,2016-02-05 21:51:48:443
0000 0000 0000 0000 0000 001E,-2.0063854127755,-8.5,-0.333378911012267,2016-02-05 21:51:48:492
0000 0000 0000 0000 0000 001E,-2.5726093256059,-5.1875,-0.425576397949695,2016-02-05 21:51:48:540
0000 0000 0000 0000 0000 001E,-2.42925995024876,-3.9375,-0.401862688213194,2016-02-05 21:51:48:560
0000 0000 0000 0000 0000 001E,-1.99718409147248,-6.375,-0.330386119350287,2016-02-05 21:51:48:576
0000 0000 0000 0000 0000 001E,-2.52927860798783,0,-0.418408371875572,2016-02-05 21:51:48:683
0000 0000 0000 0000 0000 001E,-2.41313806128212,-1.8125,-0.393767429091454,2016-02-05 21:51:48:747
0000 0000 0000 0000 0000 001E,-2.82957629366634,4.5625,-0.461720363394019,2016-02-05 21:51:48:759
0000 0000 0000 0000 0000 001E,-2.27189898181159,0.5625,-0.370720530075321,2016-02-05 21:51:48:894
0000 0000 0000 0000 0000 001E,-2.90694493083523,-5.75,-0.479035143779494,2016-02-05 21:51:48:961
0000 0000 0000 0000 0000 001E,-0.823673086191663,-0.5625,-0.135732999647074,2016-02-05 21:51:49:000
0000 0000 0000 0000 0000 001E,-1.31038242200604,-13.6875,-0.215937778962819,2016-02-05 21:51:49:018
0000 0000 0000 0000 0000 001E,-2.12369091221243,-5.75,-0.349962797947667,2016-02-05 21:51:49:044
0000 0000 0000 0000 0000 001E,-2.65922833573603,-0.5625,-0.43821395260687,2016-02-05 21:51:49:063
0000 0000 0000 0000 0000 001E,-0.897448925491307,-10.9375,-0.146045390641384,2016-02-05 21:51:49:166
0000 0000 0000 0000 0000 001E,-2.45354484026235,-1.8125,-0.407452782772602,2016-02-05 21:51:49:355
0000 0000 0000 0000 0000 001E,-1.63088191954418,-3.3125,-0.27083563568406,2016-02-05 21:51:49:375
0000 0000 0000 0000 0000 001E,-1.33322483187541,2.6875,-0.221404621955506,2016-02-05 21:51:49:420
0000 0000 0000 0000 0000 001E,-0.740646954334988,-0.5625,-0.122997003210903,2016-02-05 21:51:49:433
0000 0000 0000 0000 0000 001E,-0.51595875160389,-0.5625,-0.085683711863364,2016-02-05 21:51:49:446
0000 0000 0000 0000 0000 001E,-0.791435429880198,7,-0.131431291981212,2016-02-05 21:51:49:474
0000 0000 0000 0000 0000 001E,0.350120005577023,-1.1875,0.0581433720858604,2016-02-05 21:51:49:499
0000 0000 0000 0000 0000 001E,-3.02995796955047,-7.875,-0.493880679633329,2016-02-05 21:51:49:543
0000 0000 0000 0000 0000 001E,-1.87632651921359,-13.0625,-0.305839693433347,2016-02-05 21:51:49:591
0000 0000 0000 0000 0000 001E,-0.856923579100943,-1.1875,-0.139677845004229,2016-02-05 21:51:49:638
0000 0000 0000 0000 0000 001E,0.504191286140432,-1.1875,0.0821827687270467,2016-02-05 21:51:49:703
0000 0000 0000 0000 0000 001E,-0.153662326423036,6.375,-0.0250877267629446,2016-02-05 21:51:50:241
0000 0000 0000 0000 0000 001E,-0.430887089657606,7,-0.0703489125971602,2016-02-05 21:51:50:275
0000 0000 0000 0000 0000 001E,-0.514919765888638,4.5625,-0.0840685332063083,2016-02-05 21:51:50:289
0000 0000 0000 0000 0000 001E,1.83274998123264,5.75,0.29680161639395,2016-02-05 21:51:50:358
0000 0000 0000 0000 0000 001E,0.947097252155172,-5.75,0.15337607322351,2016-02-05 21:51:50:432
0000 0000 0000 0000 0000 001E,-1.13905053501699,-1.1875,-0.184461625103966,2016-02-05 21:51:50:452
0000 0000 0000 0000 0000 001E,-1.00538349347975,-0.5625,-0.162815140644494,2016-02-05 21:51:50:488
0000 0000 0000 0000 0000 001E,-0.841009086693459,-10.375,-0.136195803513111,2016-02-05 21:51:50:511
0000 0000 0000 0000 0000 001E,-1.76123945405637,10.375,-0.285220964219655,2016-02-05 21:51:50:527
0000 0000 0000 0000 0000 001E,-1.50427606528436,0,-0.247075181815116,2016-02-05 21:51:50:632
0000 0000 0000 0000 0000 001E,-0.667506835269993,-10.375,-0.109637038369011,2016-02-05 21:51:50:649
0000 0000 0000 0000 0000 001E,-0.617888739800148,0.5625,-0.101487337497971,2016-02-05 21:51:50:672
0000 0000 0000 0000 0000 001E,0.194311794259563,5.1875,0.031915432947095,2016-02-05 21:51:50:692
0000 0000 0000 0000 0000 001E,0.941431048671527,-8.5,0.15403834993262,2016-02-05 21:51:50:931
0000 0000 0000 0000 0000 001E,-0.795201366191289,-13.0625,-0.131619536473041,2016-02-05 21:51:51:105
0000 0000 0000 0000 0000 001E,0.773097337171645,2.6875,0.125536780054936,2016-02-05 21:51:51:380
0000 0000 0000 0000 0000 001E,-0.297687090382565,13.6875,-0.0483389050688875,2016-02-05 21:51:51:393
0000 0000 0000 0000 0000 001E,0.565811182239557,5.75,0.0918773232324043,2016-02-05 21:51:51:460
0000 0000 0000 0000 0000 001E,0.817121639995814,-1.8125,0.132685516643434,2016-02-05 21:51:51:470
0000 0000 0000 0000 0000 001E,0.75966237697433,-5.75,0.123355189765791,2016-02-05 21:51:51:500
0000 0000 0000 0000 0000 001E,0.502553777274598,4.5625,0.0820942734453468,2016-02-05 21:51:51:569
0000 0000 0000 0000 0000 001E,-1.94721381520385,13.6875,-0.318085567416909,2016-02-05 21:51:51:653
0000 0000 0000 0000 0000 001E,1.95329862654459,12.5,0.319079546944392,2016-02-05 21:51:51:665
0000 0000 0000 0000 0000 001E,0.0487015010971473,16.4375,0.00791679779417186,2016-02-05 21:51:51:828
0000 0000 0000 0000 0000 001E,0.80562097114573,-14.625,0.130959789403261,2016-02-05 21:51:51:854
0000 0000 0000 0000 0000 001E,1.74557295317538,10.9375,0.286237707544474,2016-02-05 21:51:52:405
0000 0000 0000 0000 0000 001E,1.5180762937206,-8.5,0.250301120151788,2016-02-05 21:51:52:646
0000 0000 0000 0000 0000 001E,2.08902133528485,9.125,0.344438802190412,2016-02-05 21:51:52:733
0000 0000 0000 0000 0000 001E,0.668322579068291,-7.875,0.108288832687274,2016-02-05 21:51:52:800
0000 0000 0000 0000 0000 001E,0.340282617352779,-1.8125,0.0551362599005313,2016-02-05 21:51:52:820
0000 0000 0000 0000 0000 001E,1.2085709321808,-1.1875,0.19582569789589,2016-02-05 21:51:52:846
0000 0000 0000 0000 0000 001E,0.920677382860375,11.5625,0.149178079858554,2016-02-05 21:51:52:901
0000 0000 0000 0000 0000 001E,1.02878355315832,7,0.166694607587089,2016-02-05 21:51:52:925
0000 0000 0000 0000 0000 001E,0.111798797939325,2.6875,0.0181148470871172,2016-02-05 21:51:52:933
0000 0000 0000 0000 0000 001E,1.12375464327533,1.8125,0.182082847951714,2016-02-05 21:51:52:958
0000 0000 0000 0000 0000 001E,0.652330220188024,8.5,0.106851796918595,2016-02-05 21:51:53:049
0000 0000 0000 0000 0000 001E,0.717890384159357,-3.3125,0.117590562515865,2016-02-05 21:51:53:070
0000 0000 0000 0000 0000 001E,0.380830051086065,7.875,0.0623800247479222,2016-02-05 21:51:53:095
0000 0000 0000 0000 0000 001E,-0.10433917410118,7.875,-0.0170907738085471,2016-02-05 21:51:53:114
0000 0000 0000 0000 0000 001E,-0.126252424046541,4.5625,-0.0206801677389912,2016-02-05 21:51:53:130
0000 0000 0000 0000 0000 001E,0.175225784263883,-5.1875,0.0287020121644362,2016-02-05 21:51:53:163
0000 0000 0000 0000 0000 001E,-0.18090353355254,3.3125,-0.0297947076946263,2016-02-05 21:51:53:206
0000 0000 0000 0000 0000 001E,-0.735814798794442,-1.1875,-0.121188273202488,2016-02-05 21:51:53:224
0000 0000 0000 0000 0000 001E,0.464882180260234,-10.375,0.0756931636787355,2016-02-05 21:51:53:827
0000 0000 0000 0000 0000 001E,-0.390791737808131,26.5,-0.0636295909592615,2016-02-05 21:51:53:846
0000 0000 0000 0000 0000 001E,0.522334060871667,10.375,0.0850476082830394,2016-02-05 21:51:53:875
0000 0000 0000 0000 0000 001E,0.577717406614458,0.5625,0.0940652493809158,2016-02-05 21:51:53:893
0000 0000 0000 0000 0000 001E,0.114023510475045,13.0625,0.0185655647991931,2016-02-05 21:51:53:923
0000 0000 0000 0000 0000 001E,0.224953929435254,2.6875,0.0366275054711403,2016-02-05 21:51:53:949
0000 0000 0000 0000 0000 001E,0.774215697378105,-8.5,0.12605954367079,2016-02-05 21:51:53:967
0000 0000 0000 0000 0000 001E,-0.0493986797511253,0.5625,-0.00815383984887901,2016-02-05 21:51:54:032
0000 0000 0000 0000 0000 001E,-0.428366987366943,-3.3125,-0.0707070680660704,2016-02-05 21:51:54:049
0000 0000 0000 0000 0000 001E,-0.745256252316682,6.375,-0.123013411661626,2016-02-05 21:51:54:095
0000 0000 0000 0000 0000 001E,-0.756576698719408,1.8125,-0.124881986033465,2016-02-05 21:51:54:117
0000 0000 0000 0000 0000 001E,-0.419190958401623,-3.9375,-0.069192455307008,2016-02-05 21:51:54:142
0000 0000 0000 0000 0000 001E,-0.159062220050495,-7,-0.0262551119753224,2016-02-05 21:51:54:167
0000 0000 0000 0000 0000 001E,-1.38834076474281,-5.75,-0.224590040130948,2016-02-05 21:51:54:250
0000 0000 0000 0000 0000 001E,-1.26101936925751,3.3125,-0.203993427218794,2016-02-05 21:51:54:344
0000 0000 0000 0000 0000 001E,-0.978063714072764,8.5,-0.158220066984001,2016-02-05 21:51:54:365
0000 0000 0000 0000 0000 001E,-1.59448787992967,2.6875,-0.264060924084405,2016-02-05 21:51:54:537
0000 0000 0000 0000 0000 001E,-1.75255792808818,17.6875,-0.290238685303038,2016-02-05 21:51:54:568
0000 0000 0000 0000 0000 001E,0.109298465356964,-6.375,0.018120773477253,2016-02-05 21:51:54:777
0000 0000 0000 0000 0000 001E,-1.01646605305418,8.5,-0.165773207891414,2016-02-05 21:51:54:820
0000 0000 0000 0000 0000 001E,-1.20753475035177,6.375,-0.196934180541196,2016-02-05 21:51:54:880
0000 0000 0000 0000 0000 001E,-1.3388994088825,6.375,-0.218358153120277,2016-02-05 21:51:54:903
0000 0000 0000 0000 0000 001E,-0.147635935295303,-16.125,-0.0240776192381576,2016-02-05 21:51:54:922
0000 0000 0000 0000 0000 001E,-1.66174548295279,-0.5625,-0.271010407657427,2016-02-05 21:51:54:987
0000 0000 0000 0000 0000 001E,-3.3421588063439,-8.1875,-0.548644400494211,2016-02-05 21:51:55:021
0000 0000 0000 0000 0000 001E,-0.0936047254660769,34.125,-0.0153660288042807,2016-02-05 21:51:55:146
0000 0000 0000 0000 0000 001E,-1.62424366253728,10.9375,-0.266633706572467,2016-02-05 21:51:55:187
0000 0000 0000 0000 0000 001E,-0.406120041586692,-3.3125,-0.0663775605971167,2016-02-05 21:51:55:295
0000 0000 0000 0000 0000 001E,3.39012550185649,1.1875,0.554092972245681,2016-02-05 21:51:55:361
0000 0000 0000 0000 0000 001E,0.715919920824983,21.9375,0.117012245299643,2016-02-05 21:51:55:399
0000 0000 0000 0000 0000 001E,-2.53723206829359,13.0625,-0.417651369266434,2016-02-05 21:51:55:491
0000 0000 0000 0000 0000 001E,-1.62068660190245,-5.1875,-0.266779687555959,2016-02-05 21:51:55:516
0000 0000 0000 0000 0000 001E,-2.35259136662434,5.1875,-0.387257838127463,2016-02-05 21:51:55:543
0000 0000 0000 0000 0000 001E,-0.745309518761926,6.375,-0.122282119567174,2016-02-05 21:51:55:695
0000 0000 0000 0000 0000 001E,-0.585043630060302,1.8125,-0.0959874700673178,2016-02-05 21:51:55:746
0000 0000 0000 0000 0000 001E,-0.553920873511061,3.9375,-0.0908811933570239,2016-02-05 21:51:55:796
0000 0000 0000 0000 0000 001E,-0.217241475196235,0.5625,-0.0353333925502145,2016-02-05 21:51:55:855
0000 0000 0000 0000 0000 001E,-0.257722606354903,-1.1875,-0.0419174746036709,2016-02-05 21:51:55:900
0000 0000 0000 0000 0000 001E,-0.33164111944676,0,-0.0539400031629319,2016-02-05 21:51:55:948
0000 0000 0000 0000 0000 001E,-0.586507249899903,5.75,-0.095392884234194,2016-02-05 21:51:56:003
0000 0000 0000 0000 0000 001E,-1.56738592024794,-2.6875,-0.258858120602468,2016-02-05 21:51:56:080
0000 0000 0000 0000 0000 001E,-0.977069128436971,-9.75,-0.161365669436329,2016-02-05 21:51:56:094
0000 0000 0000 0000 0000 001E,-1.24048192005871,19.5,-0.204869020653793,2016-02-05 21:51:56:165
0000 0000 0000 0000 0000 001E,0.744007128863737,-17.6875,0.12287483548534,2016-02-05 21:51:56:174
0000 0000 0000 0000 0000 001E,-0.614692830616225,5.1875,-0.0998688595639683,2016-02-05 21:51:56:249
0000 0000 0000 0000 0000 001E,-0.649580111415984,4.5625,-0.105536979921362,2016-02-05 21:51:56:261
0000 0000 0000 0000 0000 001E,-1.78511424731183,5.1875,-0.2900266851847,2016-02-05 21:51:56:364
0000 0000 0000 0000 0000 001E,-1.73760542037959,-13.6875,-0.282307948071419,2016-02-05 21:51:56:399
0000 0000 0000 0000 0000 001E,-0.53727055616685,1.8125,-0.0882942573815694,2016-02-05 21:51:56:463
0000 0000 0000 0000 0000 001E,0,-5.75,0,2016-02-05 21:51:56:485
0000 0000 0000 0000 0000 001E,-0.398820766756852,3.3125,-0.0655416214883898,2016-02-05 21:51:56:505
0000 0000 0000 0000 0000 001E,-0.365720871532147,2.6875,-0.0601020331194983,2016-02-05 21:51:56:538
0000 0000 0000 0000 0000 001E,-0.201652453126288,-5.1875,-0.0331392692072783,2016-02-05 21:51:56:550
0000 0000 0000 0000 0000 001E,-0.555037072439806,1.8125,-0.0912139806803296,2016-02-05 21:51:56:579
0000 0000 0000 0000 0000 001E,0.0542213410571518,-6.375,0.00891065588449495,2016-02-05 21:51:56:606
0000 0000 0000 0000 0000 001E,-0.128732204060111,10.375,-0.02136634092284,2016-02-05 21:51:56:791
0000 0000 0000 0000 0000 001E,-1.41127746844052,8.5,-0.229912158855365,2016-02-05 21:51:56:862
0000 0000 0000 0000 0000 001E,-0.336896712319314,-17.6875,-0.0548840693433583,2016-02-05 21:51:56:891
0000 0000 0000 0000 0000 001E,-0.762801928738808,-3.3125,-0.124268573783135,2016-02-05 21:51:56:908
0000 0000 0000 0000 0000 001E,-0.213959029413375,-3.3125,-0.0348562089731265,2016-02-05 21:51:56:944
0000 0000 0000 0000 0000 001E,-0.865072018283609,1.8125,-0.140929462658204,2016-02-05 21:51:56:958
0000 0000 0000 0000 0000 001E,-0.0754591781541709,3.9375,-0.0122931053197129,2016-02-05 21:51:56:991
0000 0000 0000 0000 0000 001E,-0.544783033152695,9.125,-0.0887509692890624,2016-02-05 21:51:57:003
0000 0000 0000 0000 0000 001E,-0.750734432770801,-3.3125,-0.124396757708501,2016-02-05 21:51:57:133
0000 0000 0000 0000 0000 001E,-0.797253042897432,0,-0.132104895260552,2016-02-05 21:51:57:146
0000 0000 0000 0000 0000 001E,-0.48287674489369,0,-0.0800127166352427,2016-02-05 21:51:57:172
0000 0000 0000 0000 0000 001E,-0.380889465267758,3.3125,-0.0631134159515754,2016-02-05 21:51:57:198
0000 0000 0000 0000 0000 001E,-0.767871964004892,2.6875,-0.127236448053835,2016-02-05 21:51:57:221
0000 0000 0000 0000 0000 001E,0.939540903911744,-16.75,0.155338810236166,2016-02-05 21:51:57:381
0000 0000 0000 0000 0000 001E,-1.8346841714043,-1.8125,-0.296954546221359,2016-02-05 21:51:57:496
0000 0000 0000 0000 0000 001E,-1.71058427440959,-3.3125,-0.276868239721003,2016-02-05 21:51:57:530
0000 0000 0000 0000 0000 001E,-1.62941462736374,-2.6875,-0.263730449532841,2016-02-05 21:51:57:543
0000 0000 0000 0000 0000 001E,-1.02154705420854,-3.9375,-0.165343467096068,2016-02-05 21:51:57:570
0000 0000 0000 0000 0000 001E,-0.745430845562888,-3.3125,-0.120652416330654,2016-02-05 21:51:57:590
0000 0000 0000 0000 0000 001E,-0.568717716615182,7.875,-0.0920503452843564,2016-02-05 21:51:57:610
0000 0000 0000 0000 0000 001E,0,0.5625,0,2016-02-05 21:51:57:633
0000 0000 0000 0000 0000 001E,-0.89225633395891,-4.5625,-0.146792925795269,2016-02-05 21:51:57:678
0000 0000 0000 0000 0000 001E,-1.90002972490947,0,-0.312590577171836,2016-02-05 21:51:57:697
0000 0000 0000 0000 0000 001E,-1.02084609977651,-9.75,-0.167948357517386,2016-02-05 21:51:57:711
0000 0000 0000 0000 0000 001E,-1.81369334658369,1.1875,-0.298386621318951,2016-02-05 21:51:57:742
0000 0000 0000 0000 0000 001E,-0.456581452043815,-1.1875,-0.0751162246301862,2016-02-05 21:51:57:756
0000 0000 0000 0000 0000 001E,0.871575838474306,10.0625,0.144022446456784,2016-02-05 21:51:57:980
0000 0000 0000 0000 0000 001E,0.819925243000614,-10.375,0.132996795296126,2016-02-05 21:51:58:091
0000 0000 0000 0000 0000 001E,0.769824739045339,2.6875,0.12487019287029,2016-02-05 21:51:58:109
0000 0000 0000 0000 0000 001E,-1.6527593722059,-3,-0.268087489408905,2016-02-05 21:51:58:210
0000 0000 0000 0000 0000 001E,0.397380467955238,-3.3125,0.0644574968297223,2016-02-05 21:51:58:245
0000 0000 0000 0000 0000 001E,0.568834541453628,1.8125,0.0922185152316067,2016-02-05 21:51:58:346
0000 0000 0000 0000 0000 001E,0.736600667246881,12.5,0.119416482125947,2016-02-05 21:51:58:363
0000 0000 0000 0000 0000 001E,2.09175104663616,0,0.339111220746203,2016-02-05 21:51:58:373
0000 0000 0000 0000 0000 001E,0.893197408536585,3,0.144803686874345,2016-02-05 21:51:58:417
0000 0000 0000 0000 0000 001E,0.340276971195328,3.9375,0.0565400672160611,2016-02-05 21:51:58:501
0000 0000 0000 0000 0000 001E,0.835700532471237,8.5,0.138859130291538,2016-02-05 21:51:58:522
0000 0000 0000 0000 0000 001E,1.3763124515538,-0.5625,0.228686643847212,2016-02-05 21:51:58:537
0000 0000 0000 0000 0000 001E,1.06729106075112,-3.3125,0.17733997132392,2016-02-05 21:51:58:592
0000 0000 0000 0000 0000 001E,1.10486998175182,3.3125,0.182774190529665,2016-02-05 21:51:58:844
0000 0000 0000 0000 0000 001E,1.33865765234957,11.5625,0.218437473867214,2016-02-05 21:51:58:908
0000 0000 0000 0000 0000 001E,1.63421886206072,14.3125,0.266666118367265,2016-02-05 21:51:58:934
0000 0000 0000 0000 0000 001E,2.16647079019649,16.125,0.353517126493852,2016-02-05 21:51:58:952
0000 0000 0000 0000 0000 001E,2.03401390062787,3.3125,0.331903274510939,2016-02-05 21:51:59:035
0000 0000 0000 0000 0000 001E,1.24851086703859,5.1875,0.203727636721009,2016-02-05 21:51:59:061
0000 0000 0000 0000 0000 001E,1.17931972378359,6.375,0.194339970961317,2016-02-05 21:51:59:116
0000 0000 0000 0000 0000 001E,1.22056750638818,-9.125,0.201137188638535,2016-02-05 21:51:59:134
0000 0000 0000 0000 0000 001E,1.12810454370427,1.1875,0.18590022692188,2016-02-05 21:51:59:199
0000 0000 0000 0000 0000 001E,1.46955858378966,1.8125,0.242168401613237,2016-02-05 21:51:59:223
0000 0000 0000 0000 0000 001E,0.980947914204681,3.9375,0.161650301709093,2016-02-05 21:51:59:232
0000 0000 0000 0000 0000 001E,1.81224833683473,-14.9375,0.29864020931086,2016-02-05 21:51:59:260
0000 0000 0000 0000 0000 001E,-0.313067696088908,-8.5,-0.0509467365482357,2016-02-05 21:51:59:340
0000 0000 0000 0000 0000 001E,0.846877348673184,5.1875,0.140638364019903,2016-02-05 21:51:59:632
0000 0000 0000 0000 0000 001E,1.12907439523301,1.8125,0.187501975405427,2016-02-05 21:51:59:661
0000 0000 0000 0000 0000 001E,1.64608654187367,-3.9375,0.273360621401661,2016-02-05 21:51:59:672
0000 0000 0000 0000 0000 001E,1.95037674186374,3.9375,0.317909819374692,2016-02-05 21:51:59:739
0000 0000 0000 0000 0000 001E,1.77506683902164,18.25,0.289334448088286,2016-02-05 21:51:59:768
0000 0000 0000 0000 0000 001E,-0.299059725937125,16.125,-0.0488260777040204,2016-02-05 21:52:00:430
0000 0000 0000 0000 0000 001E,1.74510811293782,-3.3125,0.284915610275562,2016-02-05 21:52:00:436
0000 0000 0000 0000 0000 001E,1.92826120949741,3.3125,0.314818156652639,2016-02-05 21:52:00:477
0000 0000 0000 0000 0000 001E,1.96066602316602,11.5625,0.317516764885186,2016-02-05 21:52:00:529
0000 0000 0000 0000 0000 001E,0.915228899543628,5.1875,0.148215206403826,2016-02-05 21:52:00:566
0000 0000 0000 0000 0000 001E,1.14420289310821,-4.5625,0.185296015078253,2016-02-05 21:52:00:582
0000 0000 0000 0000 0000 001E,2.37365809195868,-8.5,0.389869930242324,2016-02-05 21:52:00:743
0000 0000 0000 0000 0000 001E,2.60928290766208,-9.125,0.42857096758753,2016-02-05 21:52:00:756
0000 0000 0000 0000 0000 001E,3.16649308405845,-21.9375,0.52009193825214,2016-02-05 21:52:00:829
0000 0000 0000 0000 0000 001E,1.87605902477983,11.5625,0.308139998595099,2016-02-05 21:52:00:866
0000 0000 0000 0000 0000 001E,0.715430402930402,-1.8125,0.117059787771541,2016-02-05 21:52:01:013
0000 0000 0000 0000 0000 001E,0.650048536957427,-3.3125,0.106361909510351,2016-02-05 21:52:01:049
0000 0000 0000 0000 0000 001E,0.160566014468923,6.375,0.0262720503630635,2016-02-05 21:52:01:064
0000 0000 0000 0000 0000 001E,-2.75402702901669,12.5,-0.452840837876135,2016-02-05 21:52:01:497
0000 0000 0000 0000 0000 001E,-0.261532538832351,1.1875,-0.0424680712582979,2016-02-05 21:52:01:528
0000 0000 0000 0000 0000 001E,0.253011453396524,10.375,0.041084403799165,2016-02-05 21:52:01:607
0000 0000 0000 0000 0000 001E,0.885447133664814,-1.1875,0.1437803194043,2016-02-05 21:52:01:624
0000 0000 0000 0000 0000 001E,-0.319864285960557,10.375,-0.0519400734983313,2016-02-05 21:52:01:653
0000 0000 0000 0000 0000 001E,0.57565250851454,12.5,0.0934753735070972,2016-02-05 21:52:01:668
0000 0000 0000 0000 0000 001E,-0.920483794953598,8.5,-0.14963161120893,2016-02-05 21:52:01:987
0000 0000 0000 0000 0000 001E,-1.23156030134077,3.3125,-0.201619694626046,2016-02-05 21:52:02:147
0000 0000 0000 0000 0000 001E,-0.903999661499351,-0.5625,-0.147994487557875,2016-02-05 21:52:02:183
0000 0000 0000 0000 0000 001E,-1.34924257376887,0.5625,-0.220885550958069,2016-02-05 21:52:02:193
0000 0000 0000 0000 0000 001E,-3.75924154250261,-14.9375,-0.615428356207794,2016-02-05 21:52:02:256
0000 0000 0000 0000 0000 001E,-3.97425792941091,-1.1875,-0.650628856110926,2016-02-05 21:52:02:283
0000 0000 0000 0000 0000 001E,-2.18172746839582,-0.5625,-0.354080736012304,2016-02-05 21:52:02:397
0000 0000 0000 0000 0000 001E,-1.99138945532856,0.5625,-0.323190065782292,2016-02-05 21:52:02:424
0000 0000 0000 0000 0000 001E,-2.46120908169177,0,-0.399438855562636,2016-02-05 21:52:02:465
0000 0000 0000 0000 0000 001E,0.0637546923453564,-4.5625,0.0104544453148986,2016-02-05 21:52:02:599
0000 0000 0000 0000 0000 001E,-0.516983402611663,3.3125,-0.0847745399199228,2016-02-05 21:52:02:625
0000 0000 0000 0000 0000 001E,-0.329930909828035,5.75,-0.0541018163150645,2016-02-05 21:52:02:654
0000 0000 0000 0000 0000 001E,-0.168414326188716,-5.1875,-0.0276164514111041,2016-02-05 21:52:02:707
0000 0000 0000 0000 0000 001E,-0.594860406091371,-8.5,-0.0975447509305336,2016-02-05 21:52:02:727
0000 0000 0000 0000 0000 001E,-1.82447355076332,3.9375,-0.300820041345972,2016-02-05 21:52:02:829
0000 0000 0000 0000 0000 001E,-1.09560642426249,9.75,-0.18064409303586,2016-02-05 21:52:02:883
0000 0000 0000 0000 0000 001E,-0.512337840415892,-1.8125,-0.0844744996563712,2016-02-05 21:52:02:904
0000 0000 0000 0000 0000 001E,-0.937020245634235,-2.6875,-0.15182612675683,2016-02-05 21:52:02:992
0000 0000 0000 0000 0000 001E,-0.592261826284146,2.6875,-0.0959646491413685,2016-02-05 21:52:03:059
0000 0000 0000 0000 0000 001E,-0.905989289837544,-16.75,-0.148401194076584,2016-02-05 21:52:03:243
0000 0000 0000 0000 0000 001E,-1.88551734802414,12.5,-0.308848050454405,2016-02-05 21:52:03:286
0000 0000 0000 0000 0000 001E,-1.27148691797384,2.6875,-0.209413162444223,2016-02-05 21:52:03:474
0000 0000 0000 0000 0000 001E,-0.817144949033927,-14.3125,-0.134583302064331,2016-02-05 21:52:03:493
0000 0000 0000 0000 0000 001E,-1.16361334524873,-9.125,-0.191646447199901,2016-02-05 21:52:03:514
0000 0000 0000 0000 0000 001E,-1.59176008765575,-5.75,-0.262161968870011,2016-02-05 21:52:03:527
0000 0000 0000 0000 0000 001E,-1.13886736971878,-3.3125,-0.187570799294886,2016-02-05 21:52:03:542
0000 0000 0000 0000 0000 001E,-0.270123089689511,1.1875,-0.0439820498816029,2016-02-05 21:52:04:097
0000 0000 0000 0000 0000 001E,-1.44789202538815,16.125,-0.238991806116339,2016-02-05 21:52:04:225
0000 0000 0000 0000 0000 001E,-0.506194925992052,-13.0625,-0.0835534953494446,2016-02-05 21:52:04:260
0000 0000 0000 0000 0000 001E,-1.16483183079057,-0.5625,-0.192269353087852,2016-02-05 21:52:04:278
0000 0000 0000 0000 0000 001E,-1.15536971830986,-13.6875,-0.190707518840692,2016-02-05 21:52:04:335
0000 0000 0000 0000 0000 001E,-1.20992116622038,-2.6875,-0.199711884383006,2016-02-05 21:52:04:360
0000 0000 0000 0000 0000 001E,-0.0679887006043053,5.75,-0.010998441726229,2016-02-05 21:52:04:430
0000 0000 0000 0000 0000 001E,0.166146643496014,-14.3125,0.0268773216763571,2016-02-05 21:52:04:451
0000 0000 0000 0000 0000 001E,-0.851534954695378,-1.1875,-0.137751677761452,2016-02-05 21:52:04:477
0000 0000 0000 0000 0000 001E,0.557398687214611,-13.0625,0.0901696447367934,2016-02-05 21:52:04:483
0000 0000 0000 0000 0000 001E,-0.713563413361169,2.6875,-0.115432204911486,2016-02-05 21:52:04:517
0000 0000 0000 0000 0000 001E,-0.574181881479188,-4.5625,-0.0950894642250933,2016-02-05 21:52:04:618
0000 0000 0000 0000 0000 001E,-0.609209295071742,-3.3125,-0.10089030555977,2016-02-05 21:52:04:637
0000 0000 0000 0000 0000 001E,-0.74609768685588,-3.3125,-0.123560202073842,2016-02-05 21:52:04:668
0000 0000 0000 0000 0000 001E,0.223694910207071,-0.5625,0.0370458035120736,2016-02-05 21:52:04:679
0000 0000 0000 0000 0000 001E,-0.0216484704056742,6.375,-0.00358517312818231,2016-02-05 21:52:04:724
0000 0000 0000 0000 0000 001E,0.468309238363894,-3.9375,0.0775560427872858,2016-02-05 21:52:04:741
0000 0000 0000 0000 0000 001E,0.407966286971536,-5.1875,0.0675627303844664,2016-02-05 21:52:04:759
0000 0000 0000 0000 0000 001E,-0.233004931005686,10.375,-0.0380002605608622,2016-02-05 21:52:05:105
0000 0000 0000 0000 0000 001E,0.181760441483025,11.5625,0.0296429097281367,2016-02-05 21:52:05:118
0000 0000 0000 0000 0000 001E,0.0962826179834366,7.875,0.0157025199211911,2016-02-05 21:52:05:149
0000 0000 0000 0000 0000 001E,-0.239891125070186,20.75,-0.0391233147708919,2016-02-05 21:52:05:177
0000 0000 0000 0000 0000 001E,-0.704040252328024,3.9375,-0.115574323227583,2016-02-05 21:52:05:221
0000 0000 0000 0000 0000 001E,-0.167901397553667,1.1875,-0.0275624729226267,2016-02-05 21:52:05:242
0000 0000 0000 0000 0000 001E,-0.600017920535228,9.125,-0.0984981538498322,2016-02-05 21:52:05:278
0000 0000 0000 0000 0000 001E,-0.408541397276944,9.125,-0.0670656192520291,2016-02-05 21:52:05:304
0000 0000 0000 0000 0000 001E,0.599514190593124,-6.375,0.0984154622040696,2016-02-05 21:52:05:357
0000 0000 0000 0000 0000 001E,0.72335730378692,9.125,0.118745385026581,2016-02-05 21:52:05:390
0000 0000 0000 0000 0000 001E,-0.249154866692179,13.6875,-0.0407226695764935,2016-02-05 21:52:05:426
0000 0000 0000 0000 0000 001E,-1.80309190236578,7.875,-0.294703116703751,2016-02-05 21:52:05:477
0000 0000 0000 0000 0000 001E,-0.807813123965999,-6.375,-0.132031564799673,2016-02-05 21:52:05:512
0000 0000 0000 0000 0000 001E,-0.178351292119441,1.8125,-0.0291503065300094,2016-02-05 21:52:05:545
0000 0000 0000 0000 0000 001E,0.16307297319863,-1.8125,0.0266531691416993,2016-02-05 21:52:05:569
0000 0000 0000 0000 0000 001E,0.844290345821326,1.8125,0.138977834703099,2016-02-05 21:52:05:617
0000 0000 0000 0000 0000 001E,0.599854115479115,3.9375,0.0987414181858626,2016-02-05 21:52:05:643
0000 0000 0000 0000 0000 001E,0.886085150785271,3.3125,0.145857637989345,2016-02-05 21:52:05:673
0000 0000 0000 0000 0000 001E,1.03219517318012,6.375,0.169908670482324,2016-02-05 21:52:05:710
0000 0000 0000 0000 0000 001E,1.63958124955348,8.5,0.269889917621971,2016-02-05 21:52:05:724
0000 0000 0000 0000 0000 001E,1.224095999782,5.75,0.201497283914733,2016-02-05 21:52:05:779
0000 0000 0000 0000 0000 001E,-0.248373320334025,-1.8125,-0.0407503396774446,2016-02-05 21:52:05:891
0000 0000 0000 0000 0000 001E,-0.0357715201465213,-5.1875,-0.00586899428162778,2016-02-05 21:52:05:918
0000 0000 0000 0000 0000 001E,0.0556921870544643,-6.375,0.00913735636660613,2016-02-05 21:52:05:935
0000 0000 0000 0000 0000 001E,0.459066751978272,-1.8125,0.0753185811285106,2016-02-05 21:52:05:974
0000 0000 0000 0000 0000 001E,1.2958482374661,-4.5625,0.21260840647516,2016-02-05 21:52:05:991
0000 0000 0000 0000 0000 001E,1.58268602982034,23.4375,0.261384976023177,2016-02-05 21:52:06:378
0000 0000 0000 0000 0000 001E,2.46963059971098,-8.5,0.407866325303218,2016-02-05 21:52:06:410
0000 0000 0000 0000 0000 001E,-1.08337004045941,14.3125,-0.176014628831748,2016-02-05 21:52:06:472
0000 0000 0000 0000 0000 001E,-1.19701225740552,4.5625,-0.194478027198297,2016-02-05 21:52:06:496
0000 0000 0000 0000 0000 001E,-0.895204232946886,-6.375,-0.145443417213141,2016-02-05 21:52:06:515
0000 0000 0000 0000 0000 001E,0,-3,0,2016-02-05 21:52:06:600
0000 0000 0000 0000 0000 001E,1.35030864197531,-10.375,0.221907747243272,2016-02-05 21:52:06:769
0000 0000 0000 0000 0000 001E,0.39536943319838,3.9375,0.0649744343793559,2016-02-05 21:52:06:790
0000 0000 0000 0000 0000 001E,0.363866795643453,10.375,0.0603928291524403,2016-02-05 21:52:06:861
0000 0000 0000 0000 0000 001E,0.659453360644668,0,0.109452839941024,2016-02-05 21:52:06:903
0000 0000 0000 0000 0000 001E,0.837382543141949,2.6875,0.138984654463394,2016-02-05 21:52:06:931
0000 0000 0000 0000 0000 001E,1.58786678256954,0.5625,0.263546353953451,2016-02-05 21:52:06:951
0000 0000 0000 0000 0000 001E,1.73226164079823,13.6875,0.287512305526677,2016-02-05 21:52:06:966
0000 0000 0000 0000 0000 001E,2.40997716633593,-1.8125,0.399996210180237,2016-02-05 21:52:06:986
0000 0000 0000 0000 0000 001E,2.4811827103249,3.9375,0.411814557730273,2016-02-05 21:52:07:017
0000 0000 0000 0000 0000 001E,1.32611412875748,-1.1875,0.2160381420729,2016-02-05 21:52:07:057
0000 0000 0000 0000 0000 001E,1.37033294115107,9.125,0.223241858455239,2016-02-05 21:52:07:080
0000 0000 0000 0000 0000 001E,4.38299704724409,5.1875,0.714036988418804,2016-02-05 21:52:07:143
0000 0000 0000 0000 0000 001E,1.56937796953605,-5.1875,0.260046059575154,2016-02-05 21:52:07:273
0000 0000 0000 0000 0000 001E,-2.10986602336544,3.9375,-0.34960497487414,2016-02-05 21:52:07:342
0000 0000 0000 0000 0000 001E,0.422189415972331,-7,0.0683338682447798,2016-02-05 21:52:07:761
0000 0000 0000 0000 0000 001E,-0.562721229832061,-1.8125,-0.091079778230169,2016-02-05 21:52:07:767
0000 0000 0000 0000 0000 001E,-0.039879226559949,10.9375,-0.0064546900285863,2016-02-05 21:52:07:792
0000 0000 0000 0000 0000 001E,1.2475560073534,-18.25,0.201924360510396,2016-02-05 21:52:07:808
0000 0000 0000 0000 0000 001E,-0.092087995850883,8.5,-0.0151502049658705,2016-02-05 21:52:07:990
0000 0000 0000 0000 0000 001E,-0.246308136602099,-4.5625,-0.040522314768648,2016-02-05 21:52:08:010
0000 0000 0000 0000 0000 001E,1.44796988314396,16.75,0.239267950946399,2016-02-05 21:52:08:108
0000 0000 0000 0000 0000 001E,0.87887695410153,4.5625,0.145228910069104,2016-02-05 21:52:08:171
0000 0000 0000 0000 0000 001E,0.852320409533401,-4.5625,0.140840607469028,2016-02-05 21:52:08:186
0000 0000 0000 0000 0000 001E,-0.254395962227288,-9.75,-0.0420373388422948,2016-02-05 21:52:08:217
0000 0000 0000 0000 0000 001E,-0.0993602787810959,8.5,-0.016418663527584,2016-02-05 21:52:08:237
0000 0000 0000 0000 0000 001E,0.567688882821308,3.3125,0.0920825438477385,2016-02-05 21:52:08:302
0000 0000 0000 0000 0000 001E,0.586054710942187,-1.1875,0.0950615913937042,2016-02-05 21:52:08:312
0000 0000 0000 0000 0000 001E,1.07562218084549,-3.9375,0.174472373210947,2016-02-05 21:52:08:331
0000 0000 0000 0000 0000 001E,1.52475776083762,-3.3125,0.247191206836685,2016-02-05 21:52:08:547
0000 0000 0000 0000 0000 001E,-0.70786519848207,7,-0.114757935446972,2016-02-05 21:52:08:596
0000 0000 0000 0000 0000 001E,2.89004291135715,2.6875,0.480206520856906,2016-02-05 21:52:08:709
0000 0000 0000 0000 0000 001E,2.518134008463,-1.1875,0.418410524806923,2016-02-05 21:52:08:784
0000 0000 0000 0000 0000 001E,1.45942303586678,16.125,0.242496211996696,2016-02-05 21:52:08:795
0000 0000 0000 0000 0000 001E,1.49607965609072,12.5,0.24858703784393,2016-02-05 21:52:08:830
0000 0000 0000 0000 0000 001E,1.67323792834891,-4.5625,0.278023471894031,2016-02-05 21:52:08:843
0000 0000 0000 0000 0000 001E,2.02502475535881,7,0.334991688231399,2016-02-05 21:52:08:914
0000 0000 0000 0000 0000 001E,-0.280001468860165,-7.875,-0.046319515113344,2016-02-05 21:52:09:020
0000 0000 0000 0000 0000 001E,0.947199321047528,1.1875,0.156691368246076,2016-02-05 21:52:09:046
0000 0000 0000 0000 0000 001E,1.97806362494231,-1.1875,0.322773504205979,2016-02-05 21:52:09:268
0000 0000 0000 0000 0000 001E,1.7787554115411,0.5625,0.293120913739264,2016-02-05 21:52:09:315
0000 0000 0000 0000 0000 001E,4.7559862012987,-10.9375,0.783738456682016,2016-02-05 21:52:09:366
0000 0000 0000 0000 0000 001E,3.78641011971114,3.3125,0.623962118051823,2016-02-05 21:52:09:423
0000 0000 0000 0000 0000 001E,2.32834196421759,10.375,0.383687222886722,2016-02-05 21:52:09:449
0000 0000 0000 0000 0000 001E,0.772455886826894,3.9375,0.125704782233831,2016-02-05 21:52:09:515
0000 0000 0000 0000 0000 001E,1.29326369892753,-3.3125,0.210457884284383,2016-02-05 21:52:09:538
0000 0000 0000 0000 0000 001E,1.32578937778667,6.375,0.215750915831842,2016-02-05 21:52:09:583
0000 0000 0000 0000 0000 001E,1.70468047874179,2.6875,0.277409353741544,2016-02-05 21:52:09:611
0000 0000 0000 0000 0000 001E,1.10721371882086,8.5,0.180181239840661,2016-02-05 21:52:09:653
0000 0000 0000 0000 0000 001E,0.814448471008737,-0.5625,0.13525299823007,2016-02-05 21:52:09:725
0000 0000 0000 0000 0000 001E,0.87344596493918,-0.5625,0.145050533895242,2016-02-05 21:52:09:744
0000 0000 0000 0000 0000 001E,0.499041839667838,3.3125,0.0828743713813182,2016-02-05 21:52:09:813
0000 0000 0000 0000 0000 001E,0.275243094701243,-1.1875,0.0457087895988778,2016-02-05 21:52:09:847
0000 0000 0000 0000 0000 001E,-0.619434618199561,1.1875,-0.100967337929839,2016-02-05 21:52:09:969
0000 0000 0000 0000 0000 001E,-0.819237408447068,-0.5625,-0.133535029901723,2016-02-05 21:52:10:000
0000 0000 0000 0000 0000 001E,-0.938091094099704,3.9375,-0.152908083797833,2016-02-05 21:52:10:050
0000 0000 0000 0000 0000 001E,-1.43902355591108,-1.8125,-0.234559666815173,2016-02-05 21:52:10:062
0000 0000 0000 0000 0000 001E,-0.982100905104193,0,-0.162914167282974,2016-02-05 21:52:10:145
0000 0000 0000 0000 0000 001E,-1.71253475192472,-1.8125,-0.284080965207308,2016-02-05 21:52:10:225
0000 0000 0000 0000 0000 001E,-2.0943154957578,-1.8125,-0.345501594021084,2016-02-05 21:52:10:401
0000 0000 0000 0000 0000 001E,-1.33400831873906,-0.5625,-0.220072859841472,2016-02-05 21:52:10:435
0000 0000 0000 0000 0000 001E,-1.54668709062601,-10.375,-0.255158717177785,2016-02-05 21:52:10:472
0000 0000 0000 0000 0000 001E,-2.22929238992858,-0.5625,-0.367768884783378,2016-02-05 21:52:10:494
0000 0000 0000 0000 0000 001E,-1.13613092976875,-3.9375,-0.185490764043877,2016-02-05 21:52:10:639
0000 0000 0000 0000 0000 001E,-0.783327880271878,-3.3125,-0.127890266166837,2016-02-05 21:52:10:663
0000 0000 0000 0000 0000 001E,-0.675685415285265,1.1875,-0.110315986169023,2016-02-05 21:52:10:698
0000 0000 0000 0000 0000 001E,-1.84305457544228,6.375,-0.298470376589843,2016-02-05 21:52:10:755
0000 0000 0000 0000 0000 001E,-2.5297026003786,-9.125,-0.409668437308275,2016-02-05 21:52:10:775
0000 0000 0000 0000 0000 001E,-1.85492966106725,-10.9375,-0.300393467379312,2016-02-05 21:52:10:834
0000 0000 0000 0000 0000 001E,-1.71767183060479,2.6875,-0.278165478640452,2016-02-05 21:52:10:842
0000 0000 0000 0000 0000 001E,-1.30486704970604,-3.3125,-0.211314501976687,2016-02-05 21:52:10:862
0000 0000 0000 0000 0000 001E,-0.235525815368632,-1.8125,-0.0386847766825018,2016-02-05 21:52:10:960
0000 0000 0000 0000 0000 001E,-0.467943697014375,7,-0.0768590797176636,2016-02-05 21:52:11:001
0000 0000 0000 0000 0000 001E,0.943386733215264,-12.5,0.15494991511885,2016-02-05 21:52:11:013
0000 0000 0000 0000 0000 001E,-1.02221196587324,10.375,-0.167896846297275,2016-02-05 21:52:11:048
0000 0000 0000 0000 0000 001E,-0.643463101251922,-8.5,-0.105687889611594,2016-02-05 21:52:11:075
0000 0000 0000 0000 0000 001E,0.127119793173271,3.9375,0.0207995298347321,2016-02-05 21:52:11:169
0000 0000 0000 0000 0000 001E,1.18803223844282,-11.5625,0.194387603781209,2016-02-05 21:52:11:186
0000 0000 0000 0000 0000 001E,1.45454463556431,-20.125,0.23799475902334,2016-02-05 21:52:11:228
0000 0000 0000 0000 0000 001E,1.60062507731321,3.9375,0.261896658409579,2016-02-05 21:52:11:244
0000 0000 0000 0000 0000 001E,1.45358231229631,-13.0625,0.237837302257374,2016-02-05 21:52:11:294
0000 0000 0000 0000 0000 001E,-0.276114708210812,-17.6875,-0.0457017448073068,2016-02-05 21:52:11:363
0000 0000 0000 0000 0000 001E,-1.11607142857143,1.8125,-0.184729064039409,2016-02-05 21:52:11:390
0000 0000 0000 0000 0000 001E,-0.939192523790241,7,-0.155452555661833,2016-02-05 21:52:11:420
0000 0000 0000 0000 0000 001E,-0.838260666788747,-5.75,-0.138746593123655,2016-02-05 21:52:11:464
0000 0000 0000 0000 0000 001E,-0.721335265591885,-8.5,-0.119393423270381,2016-02-05 21:52:11:513
0000 0000 0000 0000 0000 001E,-0.187981231953801,6.375,-0.0309094927849495,2016-02-05 21:52:11:591
0000 0000 0000 0000 0000 001E,0.182660234428582,1.8125,0.0300345685549874,2016-02-05 21:52:11:607
0000 0000 0000 0000 0000 001E,0,2.6875,0,2016-02-05 21:52:11:627
0000 0000 0000 0000 0000 001E,0.0253942817765748,0.5625,0.00417554646915453,2016-02-05 21:52:11:646
0000 0000 0000 0000 0000 001E,0.117873998165315,10.9375,0.0193818577416248,2016-02-05 21:52:11:688
0000 0000 0000 0000 0000 001E,0.795513081604294,1.1875,0.130805110705009,2016-02-05 21:52:11:709
0000 0000 0000 0000 0000 001E,0.349396243291592,7,0.0567355198849676,2016-02-05 21:52:11:803
0000 0000 0000 0000 0000 001E,1.20989251135686,-1.1875,0.196464277892859,2016-02-05 21:52:11:825
0000 0000 0000 0000 0000 001E,1.21754511735187,-5.75,0.198891116365674,2016-02-05 21:52:12:080
0000 0000 0000 0000 0000 001E,2.34000599041534,12.5,0.382249821467248,2016-02-05 21:52:12:098
0000 0000 0000 0000 0000 001E,0.727631633413363,0.5625,0.119121140531519,2016-02-05 21:52:12:533
0000 0000 0000 0000 0000 001E,0.956902503117762,-3.3125,0.155299297233069,2016-02-05 21:52:12:658
0000 0000 0000 0000 0000 001E,1.04713449453893,-4.5625,0.169943385643321,2016-02-05 21:52:12:678
0000 0000 0000 0000 0000 001E,0.614611940725483,7,0.0997476776941547,2016-02-05 21:52:12:695
0000 0000 0000 0000 0000 001E,0.860976416134006,8.5,0.139731092691481,2016-02-05 21:52:12:713
0000 0000 0000 0000 0000 001E,1.49311970440212,-1.8125,0.24232399855052,2016-02-05 21:52:12:729
0000 0000 0000 0000 0000 001E,0.880366369832893,5.1875,0.144361798824743,2016-02-05 21:52:12:782
0000 0000 0000 0000 0000 001E,1.21830645656086,-0.5625,0.199776953795167,2016-02-05 21:52:12:806
0000 0000 0000 0000 0000 001E,1.15549014967757,-5.1875,0.189476384205123,2016-02-05 21:52:12:823
0000 0000 0000 0000 0000 001E,1.1953029375765,5.1875,0.196004854480979,2016-02-05 21:52:12:846
0000 0000 0000 0000 0000 001E,1.38458799494741,18.875,0.227043672306217,2016-02-05 21:52:12:891
0000 0000 0000 0000 0000 001E,1.57969537258022,10.375,0.259037229720724,2016-02-05 21:52:12:910
0000 0000 0000 0000 0000 001E,1.61991749931697,-1.8125,0.265632823063728,2016-02-05 21:52:12:935
0000 0000 0000 0000 0000 001E,1.23372578607524,-12.5,0.202305403565221,2016-02-05 21:52:12:953
0000 0000 0000 0000 0000 001E,0.27894812011283,-3.3125,0.045993094824869,2016-02-05 21:52:13:060
0000 0000 0000 0000 0000 001E,-0.181337428819016,-1.1875,-0.0298989989808765,2016-02-05 21:52:13:068
0000 0000 0000 0000 0000 001E,-0.14450466114235,0,-0.0238259952419374,2016-02-05 21:52:13:092
0000 0000 0000 0000 0000 001E,-0.0526619122087986,1.8125,-0.00868292039716383,2016-02-05 21:52:13:110
0000 0000 0000 0000 0000 001E,-0.483716178564794,-3.3125,-0.0797553468367344,2016-02-05 21:52:13:140
0000 0000 0000 0000 0000 001E,-0.935733945402636,-1.8125,-0.151617706519466,2016-02-05 21:52:13:210
0000 0000 0000 0000 0000 001E,-0.853074239777127,0,-0.138224289458892,2016-02-05 21:52:13:231
0000 0000 0000 0000 0000 001E,-2.12978506657484,10.9375,-0.345090748027249,2016-02-05 21:52:13:263
0000 0000 0000 0000 0000 001E,-1.09613671855937,0.5625,-0.17760789390646,2016-02-05 21:52:13:283
0000 0000 0000 0000 0000 001E,-1.67866351525569,-3.9375,-0.271995168553447,2016-02-05 21:52:13:321
0000 0000 0000 0000 0000 001E,-2.17032438669972,-3.9375,-0.35165936592488,2016-02-05 21:52:13:333
0000 0000 0000 0000 0000 001E,-1.92615877712032,0,-0.312097020327353,2016-02-05 21:52:13:346
0000 0000 0000 0000 0000 001E,-2.49826327628793,3.9375,-0.404795561915409,2016-02-05 21:52:13:358
0000 0000 0000 0000 0000 001E,-2.57950409096766,-12.5,-0.422523192623695,2016-02-05 21:52:13:449
0000 0000 0000 0000 0000 001E,1.01614809536735,-25.3125,0.166445224466397,2016-02-05 21:52:13:527
0000 0000 0000 0000 0000 001E,-3.46529163894433,-11.5625,-0.56761533807442,2016-02-05 21:52:13:540
0000 0000 0000 0000 0000 001E,-2.64426693014605,13.0625,-0.435509239112718,2016-02-05 21:52:13:612
0000 0000 0000 0000 0000 001E,-1.99061919444731,5.1875,-0.327853833837053,2016-02-05 21:52:13:631
0000 0000 0000 0000 0000 001E,-3.17245339519542,-1.1875,-0.522501245434326,2016-02-05 21:52:13:661
0000 0000 0000 0000 0000 001E,-1.1421783625731,-14.3125,-0.188116117909377,2016-02-05 21:52:13:707
0000 0000 0000 0000 0000 001E,-2.95434096599207,-5.1875,-0.486578254075005,2016-02-05 21:52:13:736
0000 0000 0000 0000 0000 001E,-2.63761553928336,9.125,-0.434413758871813,2016-02-05 21:52:13:752
0000 0000 0000 0000 0000 001E,-1.79433631652834,4.5625,-0.294073146658565,2016-02-05 21:52:13:829
0000 0000 0000 0000 0000 001E,-1.87934337134711,-11.5625,-0.308004922919494,2016-02-05 21:52:13:886
0000 0000 0000 0000 0000 001E,-2.25505449401137,0.5625,-0.369580086426337,2016-02-05 21:52:13:906
0000 0000 0000 0000 0000 001E,-1.36115757195623,-9.75,-0.223079634846692,2016-02-05 21:52:13:936
0000 0000 0000 0000 0000 001E,-1.42251118813619,0.5625,-0.233134857383697,2016-02-05 21:52:13:965
0000 0000 0000 0000 0000 001E,-1.37830095825286,-9.125,-0.225396722527042,2016-02-05 21:52:14:010
0000 0000 0000 0000 0000 001E,-1.81530170872953,0.5625,-0.296860459317994,2016-02-05 21:52:14:024
0000 0000 0000 0000 0000 001E,-1.00925659091135,5.75,-0.165046049208724,2016-02-05 21:52:14:158
0000 0000 0000 0000 0000 001E,-0.432629379782521,1.1875,-0.0704416900595692,2016-02-05 21:52:14:197
0000 0000 0000 0000 0000 001E,-0.546653605289858,-16.125,-0.0890073712819307,2016-02-05 21:52:14:226
0000 0000 0000 0000 0000 001E,-0.736472473604827,-12.5,-0.119914106964151,2016-02-05 21:52:14:247
0000 0000 0000 0000 0000 001E,-0.494265391706735,-1.8125,-0.0804774043484508,2016-02-05 21:52:14:275
0000 0000 0000 0000 0000 001E,-0.220194475760992,1.1875,-0.035852560503825,2016-02-05 21:52:14:293
0000 0000 0000 0000 0000 001E,-0.143502395227179,-9.75,-0.0233653832120238,2016-02-05 21:52:14:310
0000 0000 0000 0000 0000 001E,-0.937920188244333,20.125,-0.152714277597449,2016-02-05 21:52:14:325
0000 0000 0000 0000 0000 001E,-1.71259986360094,-16.75,-0.282684984363291,2016-02-05 21:52:14:442
0000 0000 0000 0000 0000 001E,-0.711941288116846,5.75,-0.117514380431942,2016-02-05 21:52:14:482
0000 0000 0000 0000 0000 001E,-1.26978520704141,12.5,-0.209593156595556,2016-02-05 21:52:14:502
0000 0000 0000 0000 0000 001E,-0.318760455342935,3.3125,-0.0526152058337719,2016-02-05 21:52:14:526
0000 0000 0000 0000 0000 001E,-0.598485048605241,11.5625,-0.0987870781741801,2016-02-05 21:52:14:550
0000 0000 0000 0000 0000 001E,-0.35969152854512,0.5625,-0.0593713664723719,2016-02-05 21:52:14:566
0000 0000 0000 0000 0000 001E,1.42224116245201,-6.375,0.230074062407982,2016-02-05 21:52:14:761
0000 0000 0000 0000 0000 001E,0.123496699377814,5.1875,0.0199778969066294,2016-02-05 21:52:14:781
0000 0000 0000 0000 0000 001E,0.214008261746143,11.5625,0.035480783931386,2016-02-05 21:52:15:187
0000 0000 0000 0000 0000 001E,1.05352230433141,-13.6875,0.171816630225291,2016-02-05 21:52:15:273
0000 0000 0000 0000 0000 001E,0,19.5,0,2016-02-05 21:52:15:340
0000 0000 0000 0000 0000 001E,1.36177711362497,7,0.223547542592334,2016-02-05 21:52:15:486
0000 0000 0000 0000 0000 001E,0.498536865519254,18.25,0.0818391571303837,2016-02-05 21:52:15:493
0000 0000 0000 0000 0000 001E,2.34359376041597,-5.75,0.384721273939695,2016-02-05 21:52:15:508
0000 0000 0000 0000 0000 001E,2.31294408526437,13.0625,0.379689863518091,2016-02-05 21:52:15:524
0000 0000 0000 0000 0000 001E,1.55598878539037,2.6875,0.254315791673718,2016-02-05 21:52:15:746
0000 0000 0000 0000 0000 001E,0.365206619296932,-3.9375,0.0596905397924705,2016-02-05 21:52:15:751
0000 0000 0000 0000 0000 001E,1.09695938975746,1.8125,0.179290556756872,2016-02-05 21:52:15:773
0000 0000 0000 0000 0000 001E,1.29409983188291,9.125,0.212321547478739,2016-02-05 21:52:16:037
0000 0000 0000 0000 0000 001E,0.863327368391034,-0.5625,0.141645179391474,2016-02-05 21:52:16:072
0000 0000 0000 0000 0000 001E,0.360654602529775,7.875,0.0591722071418827,2016-02-05 21:52:16:083
0000 0000 0000 0000 0000 001E,0.32455046024009,5.75,0.0532486399081362,2016-02-05 21:52:16:133
0000 0000 0000 0000 0000 001E,0.513349833537762,-3.3125,0.0834941447879255,2016-02-05 21:52:16:219
0000 0000 0000 0000 0000 001E,-0.237817477939491,4.5625,-0.0386799909904296,2016-02-05 21:52:16:254
0000 0000 0000 0000 0000 001E,-0.376449006002533,5.1875,-0.0612278133915749,2016-02-05 21:52:16:273
0000 0000 0000 0000 0000 001E,-0.40197209808303,6.375,-0.0653790346570392,2016-02-05 21:52:16:298
0000 0000 0000 0000 0000 001E,-0.630696614583333,8.5,-0.102580094537815,2016-02-05 21:52:16:322
0000 0000 0000 0000 0000 001E,-0.570399809197461,7,-0.0927730782104843,2016-02-05 21:52:16:348
0000 0000 0000 0000 0000 001E,-0.849162740746508,-0.5625,-0.138112671306019,2016-02-05 21:52:16:399
0000 0000 0000 0000 0000 001E,-0.749251209867799,-2.6875,-0.123740909969909,2016-02-05 21:52:16:444
0000 0000 0000 0000 0000 001E,-1.21448260434361,7,-0.200575161741306,2016-02-05 21:52:16:477
0000 0000 0000 0000 0000 001E,-1.11549994091697,-0.5625,-0.18422790105978,2016-02-05 21:52:16:503
0000 0000 0000 0000 0000 001E,-1.31650216658642,0.5625,-0.217423974663324,2016-02-05 21:52:16:564
0000 0000 0000 0000 0000 001E,-1.56218188296201,-1.8125,-0.257998659448722,2016-02-05 21:52:16:598
0000 0000 0000 0000 0000 001E,-1.34342801594655,-2.6875,-0.218266127692371,2016-02-05 21:52:16:664
0000 0000 0000 0000 0000 001E,-0.310875159168084,-8.5,-0.0505077431629706,2016-02-05 21:52:16:668
0000 0000 0000 0000 0000 001E,-1.81348653667595,-4.5625,-0.294636317900236,2016-02-05 21:52:16:704
0000 0000 0000 0000 0000 001E,-2.98751929553747,3.9375,-0.485380876610474,2016-02-05 21:52:16:722
0000 0000 0000 0000 0000 001E,-0.836336711390234,-3.3125,-0.135879238243742,2016-02-05 21:52:16:805
0000 0000 0000 0000 0000 001E,-4.60109900156484,-13.6875,-0.756137880290031,2016-02-05 21:52:16:906
0000 0000 0000 0000 0000 001E,-4.38972942352855,-5.1875,-0.721401712987436,2016-02-05 21:52:16:933
0000 0000 0000 0000 0000 001E,-2.39320507731603,-1.1875,-0.3932958220733,2016-02-05 21:52:16:971
0000 0000 0000 0000 0000 001E,-1.64204484473383,2.6875,-0.26985124810745,2016-02-05 21:52:16:999
0000 0000 0000 0000 0000 001E,-2.14338008631319,4.5625,-0.355747732168165,2016-02-05 21:52:17:077
0000 0000 0000 0000 0000 001E,-2.06880571983405,5.75,-0.34337024395586,2016-02-05 21:52:17:116
0000 0000 0000 0000 0000 001E,-0.559527788388081,-20.125,-0.0925094166527553,2016-02-05 21:52:17:683
0000 0000 0000 0000 0000 001E,-0.626986941844091,-2.6875,-0.101481565985016,2016-02-05 21:52:17:872
0000 0000 0000 0000 0000 001E,-0.140918109668109,18.875,-0.0228084342597425,2016-02-05 21:52:17:886
0000 0000 0000 0000 0000 001E,0.642301968092284,-19.5,0.103960394080219,2016-02-05 21:52:17:916
0000 0000 0000 0000 0000 001E,-0.0886655620119877,8.8125,-0.0143510486126767,2016-02-05 21:52:17:927
0000 0000 0000 0000 0000 001E,-1.88853703345581,-10.375,-0.31069981356553,2016-02-05 21:52:18:066
0000 0000 0000 0000 0000 001E,0.194683948964771,-22.25,0.0320291662678537,2016-02-05 21:52:18:136
0000 0000 0000 0000 0000 001E,-0.148213078451392,5.75,-0.0243838352264424,2016-02-05 21:52:18:179
0000 0000 0000 0000 0000 001E,-0.0563932840561299,-10.625,-0.00927775443753165,2016-02-05 21:52:18:214
0000 0000 0000 0000 0000 001E,0.373405664499919,18.25,0.0605686398215602,2016-02-05 21:52:18:590
0000 0000 0000 0000 0000 001E,0.611163263709612,2.6875,0.0991343493446249,2016-02-05 21:52:18:603
0000 0000 0000 0000 0000 001E,0.745598901744292,-1.1875,0.120940616665741,2016-02-05 21:52:18:620
0000 0000 0000 0000 0000 001E,0.808336912384821,13.0625,0.131046243564143,2016-02-05 21:52:18:679
0000 0000 0000 0000 0000 001E,1.57455170385219,0,0.255263718538587,2016-02-05 21:52:18:702
0000 0000 0000 0000 0000 001E,2.70947492543525,-1.8125,0.439255594504499,2016-02-05 21:52:18:744
0000 0000 0000 0000 0000 001E,2.55501608471006,16.75,0.414214982660372,2016-02-05 21:52:18:774
0000 0000 0000 0000 0000 001E,2.56824356175259,-1.8125,0.416359399365457,2016-02-05 21:52:18:831
0000 0000 0000 0000 0000 001E,1.68175673348488,-3.9375,0.279438947685109,2016-02-05 21:52:18:873
0000 0000 0000 0000 0000 001E,1.56585948033964,9.75,0.260181580781995,2016-02-05 21:52:18:900
0000 0000 0000 0000 0000 001E,-0.473960861124593,0.5625,-0.0787528431666451,2016-02-05 21:52:19:020
0000 0000 0000 0000 0000 001E,2.02646368577075,10.375,0.335229724693259,2016-02-05 21:52:19:156
0000 0000 0000 0000 0000 001E,3.13212145509791,1.1875,0.518134235748206,2016-02-05 21:52:19:186
0000 0000 0000 0000 0000 001E,2.80711034813159,3.3125,0.458054448974423,2016-02-05 21:52:19:331
0000 0000 0000 0000 0000 001E,2.31534226296852,-26.5,0.377809452755266,2016-02-05 21:52:19:373
0000 0000 0000 0000 0000 001E,2.35752615282345,3.9375,0.388496482201064,2016-02-05 21:52:19:527
0000 0000 0000 0000 0000 001E,2.43218953177433,-3.9375,0.400800252420928,2016-02-05 21:52:19:546
0000 0000 0000 0000 0000 001E,3.9791206431026,-11.5625,0.655718864559616,2016-02-05 21:52:19:594
0000 0000 0000 0000 0000 001E,3.23020033077251,2.6875,0.532304366510164,2016-02-05 21:52:19:617
0000 0000 0000 0000 0000 001E,2.28535907561796,-1.1875,0.371905463892264,2016-02-05 21:52:19:692
0000 0000 0000 0000 0000 001E,0.947469609633602,-1.1875,0.15418545315437,2016-02-05 21:52:19:776
0000 0000 0000 0000 0000 001E,0.493023668141167,8.5,0.0802316791116626,2016-02-05 21:52:19:818
0000 0000 0000 0000 0000 001E,0.962080654360682,-1.8125,0.15656316588457,2016-02-05 21:52:19:828
0000 0000 0000 0000 0000 001E,0.373446462715104,-0.5625,0.0607724105313432,2016-02-05 21:52:19:854
0000 0000 0000 0000 0000 001E,-0.654215306878759,13.6875,-0.10864356051128,2016-02-05 21:52:19:921
0000 0000 0000 0000 0000 001E,-0.55853725794591,-3.3125,-0.0927545958393429,2016-02-05 21:52:19:933
0000 0000 0000 0000 0000 001E,-1.02694130637262,12.5,-0.170541041744692,2016-02-05 21:52:19:967
0000 0000 0000 0000 0000 001E,-0.410566816816816,3.9375,-0.0681815915001633,2016-02-05 21:52:19:975
0000 0000 0000 0000 0000 001E,-1.68164963610371,12.5,-0.279266477072301,2016-02-05 21:52:20:026
0000 0000 0000 0000 0000 001E,-0.869712150127228,3.3125,-0.144430470544239,2016-02-05 21:52:20:050
0000 0000 0000 0000 0000 001E,-1.31262811250378,0.5625,-0.213957312551554,2016-02-05 21:52:20:205
0000 0000 0000 0000 0000 001E,-1.61976658640985,-1.8125,-0.268692273111946,2016-02-05 21:52:20:304
0000 0000 0000 0000 0000 001E,-2.73114512402724,-6.375,-0.453051444405956,2016-02-05 21:52:20:403
0000 0000 0000 0000 0000 001E,-3.18840368470149,-1.8125,-0.525994558927934,2016-02-05 21:52:20:507
0000 0000 0000 0000 0000 001E,-3.22690217391304,-2.6875,-0.532345698198467,2016-02-05 21:52:20:565
0000 0000 0000 0000 0000 001E,-2.79453368886576,3.3125,-0.461017380621242,2016-02-05 21:52:20:609
0000 0000 0000 0000 0000 001E,-1.75071926324312,-6.375,-0.288818135261444,2016-02-05 21:52:20:656
0000 0000 0000 0000 0000 001E,-1.83377426798218,-8.5,-0.29939171722158,2016-02-05 21:52:20:704
0000 0000 0000 0000 0000 001E,-0.15827182763494,-5.1875,-0.0258402983893779,2016-02-05 21:52:20:781
0000 0000 0000 0000 0000 001E,-2.07646324138191,-5.75,-0.33901440675623,2016-02-05 21:52:20:808
0000 0000 0000 0000 0000 001E,-1.34808150843948,0,-0.220094940153385,2016-02-05 21:52:20:854
0000 0000 0000 0000 0000 001E,-1.88080108597139,-6.375,-0.304583171817228,2016-02-05 21:52:20:911
0000 0000 0000 0000 0000 001E,-2.69358117747765,5.1875,-0.436207478134032,2016-02-05 21:52:20:927
0000 0000 0000 0000 0000 001E,-2.31101017897442,-4.5625,-0.37425266056266,2016-02-05 21:52:20:959
0000 0000 0000 0000 0000 001E,-2.42943018570428,1.1875,-0.393429989587737,2016-02-05 21:52:21:007
0000 0000 0000 0000 0000 001E,-2.53804728108757,-1.8125,-0.411019802605274,2016-02-05 21:52:21:025
0000 0000 0000 0000 0000 001E,-2.68402391760855,1.8125,-0.434659743742275,2016-02-05 21:52:21:041
0000 0000 0000 0000 0000 001E,-1.18564483379385,10.9375,-0.194740459971616,2016-02-05 21:52:21:097
0000 0000 0000 0000 0000 001E,0.755279002713704,-21.9375,0.124053490727682,2016-02-05 21:52:21:168
0000 0000 0000 0000 0000 001E,2.64380084864637,10.375,0.434240489785881,2016-02-05 21:52:21:275
0000 0000 0000 0000 0000 001E,-0.240510420835515,17.6875,-0.0393526731664328,2016-02-05 21:52:21:328
0000 0000 0000 0000 0000 001E,-0.16818597152589,-5.1875,-0.0275188390825017,2016-02-05 21:52:21:355
0000 0000 0000 0000 0000 001E,-0.181023696243205,-3.3125,-0.0296193667155503,2016-02-05 21:52:21:363
0000 0000 0000 0000 0000 001E,-0.185602820993185,-18.875,-0.0303686099252553,2016-02-05 21:52:21:400
0000 0000 0000 0000 0000 001E,-0.579709760854818,-7,-0.0948529742331308,2016-02-05 21:52:21:417
0000 0000 0000 0000 0000 001E,-0.10327000761389,16.75,-0.0168971924102356,2016-02-05 21:52:21:441
0000 0000 0000 0000 0000 001E,0.0985192788830142,3.9375,0.0161198711016658,2016-02-05 21:52:21:466
0000 0000 0000 0000 0000 001E,1.15662408527558,0.5625,0.188018003566878,2016-02-05 21:52:22:346
0000 0000 0000 0000 0000 001E,2.26160838351089,-5.1875,0.367641568709437,2016-02-05 21:52:22:365
0000 0000 0000 0000 0000 001E,3.7317754339811,1.8125,0.606628355564525,2016-02-05 21:52:22:391
0000 0000 0000 0000 0000 001E,4.2530882319409,4.5625,0.691371698500281,2016-02-05 21:52:22:413
0000 0000 0000 0000 0000 001E,1.84314085705446,-1.8125,0.299130244585522,2016-02-05 21:52:22:781
0000 0000 0000 0000 0000 001E,2.12164416511484,9.75,0.344329591308872,2016-02-05 21:52:22:855
0000 0000 0000 0000 0000 001E,2.52514087427428,13.0625,0.409814586033154,2016-02-05 21:52:22:905
0000 0000 0000 0000 0000 001E,2.06851639130576,-0.5625,0.339193723635818,2016-02-05 21:52:22:958
0000 0000 0000 0000 0000 001E,1.79580105209213,6.375,0.294474072493926,2016-02-05 21:52:22:974
0000 0000 0000 0000 0000 001E,1.86413801602618,5.75,0.305679915172372,2016-02-05 21:52:23:013
0000 0000 0000 0000 0000 001E,0.855940702535059,0,0.140356496726164,2016-02-05 21:52:23:119
0000 0000 0000 0000 0000 001E,-0.0159358120787846,-0.5625,-0.00262750405256135,2016-02-05 21:52:23:234
0000 0000 0000 0000 0000 001E,-0.625812820416161,5.75,-0.103184306746275,2016-02-05 21:52:23:271
0000 0000 0000 0000 0000 001E,-0.446956405660019,3.3125,-0.0736943785094837,2016-02-05 21:52:23:297
0000 0000 0000 0000 0000 001E,-0.87291930103776,0,-0.14392733735165,2016-02-05 21:52:23:320
0000 0000 0000 0000 0000 001E,-1.78937048861743,-3.9375,-0.293099179134715,2016-02-05 21:52:23:582
0000 0000 0000 0000 0000 001E,-1.7164560070306,-1.1875,-0.281155775107388,2016-02-05 21:52:23:641
0000 0000 0000 0000 0000 001E,-3.19542603838104,-1.1875,-0.523411308498123,2016-02-05 21:52:23:711
0000 0000 0000 0000 0000 001E,-3.04160177916205,0.5625,-0.50095005970278,2016-02-05 21:52:23:758
0000 0000 0000 0000 0000 001E,-1.47588654396287,-9.75,-0.243077663018864,2016-02-05 21:52:23:814
0000 0000 0000 0000 0000 001E,-1.6628649167077,5.75,-0.273872893226631,2016-02-05 21:52:23:839
0000 0000 0000 0000 0000 001E,-1.24215191090339,-10.9375,-0.204581703689826,2016-02-05 21:52:23:856
0000 0000 0000 0000 0000 001E,0.505716809541261,7.875,0.0828817497199554,2016-02-05 21:52:24:017
0000 0000 0000 0000 0000 001E,-2.07764520246791,-10.375,-0.340504540147704,2016-02-05 21:52:24:031
0000 0000 0000 0000 0000 001E,-2.19224309790257,-2.6875,-0.359285948850462,2016-02-05 21:52:24:116
0000 0000 0000 0000 0000 001E,-2.15189185271093,-3.9375,-0.35267279749428,2016-02-05 21:52:24:133
0000 0000 0000 0000 0000 001E,1.81001050480631,-5.75,0.295995176583207,2016-02-05 21:52:24:334
0000 0000 0000 0000 0000 001E,-0.8411391042205,-8.5,-0.136956163509444,2016-02-05 21:52:24:384
0000 0000 0000 0000 0000 001E,-1.10389557045216,10.375,-0.179738763167244,2016-02-05 21:52:24:403
0000 0000 0000 0000 0000 001E,-0.600222802704364,5.1875,-0.0977296286628544,2016-02-05 21:52:24:423
0000 0000 0000 0000 0000 001E,-0.627510040160643,-4.5625,-0.102172598126563,2016-02-05 21:52:24:448
0000 0000 0000 0000 0000 001E,-0.567663283575149,2.6875,-0.0924282144220052,2016-02-05 21:52:24:469
0000 0000 0000 0000 0000 001E,-0.410076285124402,-2.6875,-0.0667695443893192,2016-02-05 21:52:24:519
0000 0000 0000 0000 0000 001E,-0.485067676642244,-1.8125,-0.0789798116649515,2016-02-05 21:52:24:527
0000 0000 0000 0000 0000 001E,-1.08483984870927,-0.5625,-0.179065724683786,2016-02-05 21:52:24:600
0000 0000 0000 0000 0000 001E,-0.926985919701871,-3.9375,-0.153010055521629,2016-02-05 21:52:24:614
0000 0000 0000 0000 0000 001E,-0.990879700571523,1.1875,-0.163556484275905,2016-02-05 21:52:24:639
0000 0000 0000 0000 0000 001E,-1.36724716169433,7.875,-0.225680411834002,2016-02-05 21:52:24:678
0000 0000 0000 0000 0000 001E,-1.38735647910941,25.3125,-0.22899969393828,2016-02-05 21:52:24:699
0000 0000 0000 0000 0000 001E,0.69639062410862,-14.3125,0.114947558312289,2016-02-05 21:52:24:717
0000 0000 0000 0000 0000 001E,-1.17037691754555,16.125,-0.19403872631316,2016-02-05 21:52:25:300
0000 0000 0000 0000 0000 001E,1.92261129810746,10.375,0.31875290932978,2016-02-05 21:52:25:324
0000 0000 0000 0000 0000 001E,2.0852692870418,10.375,0.345720246539121,2016-02-05 21:52:25:349
0000 0000 0000 0000 0000 001E,0.98548110399112,22.25,0.160719940852045,2016-02-05 21:52:25:544
0000 0000 0000 0000 0000 001E,4.43141899292733,5.1875,0.727455922231573,2016-02-05 21:52:25:662
0000 0000 0000 0000 0000 001E,3.15774700598802,17.6875,0.518371601530182,2016-02-05 21:52:25:719
0000 0000 0000 0000 0000 001E,4.3259521844871,16.75,0.707047483163242,2016-02-05 21:52:25:893
0000 0000 0000 0000 0000 001E,2.53226156892916,-1.8125,0.413880942892263,2016-02-05 21:52:25:949
0000 0000 0000 0000 0000 001E,2.13023296705537,-5.1875,0.350655632437098,2016-02-05 21:52:26:002
0000 0000 0000 0000 0000 001E,1.65924034932717,1.8125,0.273125983428341,2016-02-05 21:52:26:048
0000 0000 0000 0000 0000 001E,1.38706029107947,1.1875,0.228322681659171,2016-02-05 21:52:26:075
0000 0000 0000 0000 0000 001E,1.48097246575992,-0.5625,0.243781475845254,2016-02-05 21:52:26:096
0000 0000 0000 0000 0000 001E,2.21677805630859,1.1875,0.364901737663965,2016-02-05 21:52:26:164
0000 0000 0000 0000 0000 001E,2.27059914863117,2.6875,0.372534724959994,2016-02-05 21:52:26:237
0000 0000 0000 0000 0000 001E,1.42270653012255,7,0.233421908141517,2016-02-05 21:52:26:292
0000 0000 0000 0000 0000 001E,1.55069334172918,3.3125,0.254420564680751,2016-02-05 21:52:26:310
0000 0000 0000 0000 0000 001E,1.14739022624187,2.6875,0.188251062549938,2016-02-05 21:52:26:329
0000 0000 0000 0000 0000 001E,0.143023213239602,0,0.0232621111259856,2016-02-05 21:52:26:446
0000 0000 0000 0000 0000 001E,-0.203382726591136,-3.9375,-0.033079326634503,2016-02-05 21:52:26:470
0000 0000 0000 0000 0000 001E,-0.688690056417489,5.75,-0.112012478679993,2016-02-05 21:52:26:500
0000 0000 0000 0000 0000 001E,-0.877180338415229,-7,-0.142669613187622,2016-02-05 21:52:26:520
0000 0000 0000 0000 0000 001E,-1.39864139083386,5.75,-0.227483012876204,2016-02-05 21:52:26:552
0000 0000 0000 0000 0000 001E,-1.05986191775196,7,-0.172381987164863,2016-02-05 21:52:26:569
0000 0000 0000 0000 0000 001E,-1.06460536356699,-12.5,-0.175822520820312,2016-02-05 21:52:26:633
0000 0000 0000 0000 0000 001E,-1.23876849894292,-5.75,-0.204586044416667,2016-02-05 21:52:26:654
0000 0000 0000 0000 0000 001E,-1.38861298147296,2.6875,-0.22933327522262,2016-02-05 21:52:26:775
0000 0000 0000 0000 0000 001E,-2.37947323177119,-4.5625,-0.38659191417891,2016-02-05 21:52:26:885
0000 0000 0000 0000 0000 001E,-2.22772091487573,-3.9375,-0.361936785520022,2016-02-05 21:52:26:918
0000 0000 0000 0000 0000 001E,-2.99574364742574,-11.5625,-0.486717083253572,2016-02-05 21:52:26:967
0000 0000 0000 0000 0000 001E,-3.42594870368786,12.5,-0.56301539912701,2016-02-05 21:52:27:041
0000 0000 0000 0000 0000 001E,-2.09105414865143,-4.5625,-0.343640780386431,2016-02-05 21:52:27:066
0000 0000 0000 0000 0000 001E,-2.71462859054874,5.1875,-0.446118092119761,2016-02-05 21:52:27:075
0000 0000 0000 0000 0000 001E,-2.36394169894235,-9.125,-0.388486721272367,2016-02-05 21:52:27:114
0000 0000 0000 0000 0000 001E,-2.67709954063866,4.5625,-0.439950622948013,2016-02-05 21:52:27:151
0000 0000 0000 0000 0000 001E,-2.72975371996499,-7,-0.448603733765816,2016-02-05 21:52:27:187
0000 0000 0000 0000 0000 001E,-1.41842423583614,-1.8125,-0.235423109682347,2016-02-05 21:52:27:331
0000 0000 0000 0000 0000 001E,-1.46636800094835,-2.6875,-0.243380581070266,2016-02-05 21:52:27:356
0000 0000 0000 0000 0000 001E,-1.88222010100517,-7.875,-0.312401676515381,2016-02-05 21:52:27:376
0000 0000 0000 0000 0000 001E,-0.739733859690014,0,-0.12051053918382,2016-02-05 21:52:27:471
0000 0000 0000 0000 0000 001E,-1.13739651536137,1.8125,-0.185294029111274,2016-02-05 21:52:27:574
0000 0000 0000 0000 0000 001E,-1.29986489724204,-3.9375,-0.215387721166867,2016-02-05 21:52:27:628
0000 0000 0000 0000 0000 001E,-1.07864673312753,1.1875,-0.178731853045158,2016-02-05 21:52:27:664
0000 0000 0000 0000 0000 001E,-1.97195155636835,-1.1875,-0.326752536266503,2016-02-05 21:52:27:723
0000 0000 0000 0000 0000 001E,0.216237037310404,5.1875,0.0349992507111525,2016-02-05 21:52:28:034
0000 0000 0000 0000 0000 001E,1.14206221080998,-11.875,0.184849562041001,2016-02-05 21:52:28:071
0000 0000 0000 0000 0000 001E,0.0622463668040629,-1.1875,0.0102406964854504,2016-02-05 21:52:28:267
0000 0000 0000 0000 0000 001E,-0.881715142525474,6.375,-0.145058701813898,2016-02-05 21:52:28:290
0000 0000 0000 0000 0000 001E,-0.51413943945494,16.75,-0.0845855946457263,2016-02-05 21:52:28:331
0000 0000 0000 0000 0000 001E,-0.493321710959807,18.875,-0.0811606872980214,2016-02-05 21:52:28:354
0000 0000 0000 0000 0000 001E,-0.602750698907163,10.0625,-0.0991638111720038,2016-02-05 21:52:28:381
0000 0000 0000 0000 0000 001E,-0.0813598683662386,-17.6875,-0.0134442084879491,2016-02-05 21:52:28:595
0000 0000 0000 0000 0000 001E,0.241215882425589,0.5625,0.0391266638159917,2016-02-05 21:52:28:655
0000 0000 0000 0000 0000 001E,-0.350070200744254,-2.4375,-0.0567834875497574,2016-02-05 21:52:28:685
0000 0000 0000 0000 0000 001E,0.672679524711553,0.5625,0.109112656076489,2016-02-05 21:52:28:702
0000 0000 0000 0000 0000 001E,0.289494812252964,10.625,0.0469577959858823,2016-02-05 21:52:28:727
0000 0000 0000 0000 0000 001E,0.359235776179191,-3.3125,0.0596902425110812,2016-02-05 21:52:29:033
0000 0000 0000 0000 0000 001E,-0.0474381861459248,-0.5625,-0.00788227961438795,2016-02-05 21:52:29:064
0000 0000 0000 0000 0000 001E,0.00831470838654714,2.6875,0.00138156328771207,2016-02-05 21:52:29:123
0000 0000 0000 0000 0000 001E,0.533005234692865,3.9375,0.088563594798039,2016-02-05 21:52:29:133
0000 0000 0000 0000 0000 001E,-0.298958797172437,9.125,-0.0496746824434955,2016-02-05 21:52:29:169
0000 0000 0000 0000 0000 001E,0.945594287097552,-5.75,0.157118962131967,2016-02-05 21:52:29:177
0000 0000 0000 0000 0000 001E,-0.0831216059785847,-3.9375,-0.013750472453033,2016-02-05 21:52:29:286
0000 0000 0000 0000 0000 001E,-0.302861576862282,10.375,-0.0501011706968209,2016-02-05 21:52:29:336
0000 0000 0000 0000 0000 001E,0,-3.3125,0,2016-02-05 21:52:29:352
0000 0000 0000 0000 0000 001E,-0.405288603138053,7.875,-0.0670452610650212,2016-02-05 21:52:29:389
0000 0000 0000 0000 0000 001E,-0.438444702184978,10.9375,-0.0722512555097465,2016-02-05 21:52:29:630
0000 0000 0000 0000 0000 001E,-0.342131568926123,9.75,-0.0563798245964498,2016-02-05 21:52:29:662
0000 0000 0000 0000 0000 001E,-0.152175747974235,16.75,-0.0250770252086079,2016-02-05 21:52:29:691
0000 0000 0000 0000 0000 001E,0.615092903632166,1.8125,0.102146621140133,2016-02-05 21:52:30:025
0000 0000 0000 0000 0000 001E,-0.0300286737800195,-3.3125,-0.00498677117852524,2016-02-05 21:52:30:057
0000 0000 0000 0000 0000 001E,-0.822467364494976,8.5,-0.136584671657068,2016-02-05 21:52:30:074
0000 0000 0000 0000 0000 001E,0.0441424083532973,-5.75,0.00733059646055311,2016-02-05 21:52:30:096
0000 0000 0000 0000 0000 001E,0.103422028064601,-2.6875,0.017174983902231,2016-02-05 21:52:30:115
0000 0000 0000 0000 0000 001E,0.0188715022802813,-1.8125,0.00313393339833069,2016-02-05 21:52:30:141
0000 0000 0000 0000 0000 001E,-0.360109845691269,9.125,-0.0598023546678,2016-02-05 21:52:30:158
0000 0000 0000 0000 0000 001E,-0.0166416021948808,-8.5,-0.00276362062466883,2016-02-05 21:52:30:188
0000 0000 0000 0000 0000 001E,-0.543510253446356,-4.5625,-0.0902591065784151,2016-02-05 21:52:30:199
0000 0000 0000 0000 0000 001E,-0.63394853577611,-1.1875,-0.105161493355174,2016-02-05 21:52:30:506
0000 0000 0000 0000 0000 001E,-0.761244494679815,-2.6875,-0.126277770751421,2016-02-05 21:52:30:532
0000 0000 0000 0000 0000 001E,-0.650133543621609,2.6875,-0.107846316332034,2016-02-05 21:52:30:547
0000 0000 0000 0000 0000 001E,-0.293262012012013,7.875,-0.0486472787412794,2016-02-05 21:52:30:576
0000 0000 0000 0000 0000 001E,-0.0690394132202189,-4.5625,-0.0114524876782227,2016-02-05 21:52:30:604
0000 0000 0000 0000 0000 001E,-0.555285727824109,5.1875,-0.0916061140210244,2016-02-05 21:52:30:693
0000 0000 0000 0000 0000 001E,0.294114517860884,12.5,0.04852040437628,2016-02-05 21:52:30:731
0000 0000 0000 0000 0000 001E,0.210323595471048,-7.875,0.0346973212215091,2016-02-05 21:52:30:764
0000 0000 0000 0000 0000 001E,-0.564878817677001,9.75,-0.0931886968947486,2016-02-05 21:52:30:786
0000 0000 0000 0000 0000 001E,-0.153767845271003,-3.9375,-0.0253672552000555,2016-02-05 21:52:30:814
0000 0000 0000 0000 0000 001E,0.528933573197154,10.9375,0.0863565017464741,2016-02-05 21:52:30:867
0000 0000 0000 0000 0000 001E,-0.626453371822628,-8.5,-0.102278101522062,2016-02-05 21:52:30:938
0000 0000 0000 0000 0000 001E,-0.690843975724179,25.9375,-0.112790853179458,2016-02-05 21:52:30:987
0000 0000 0000 0000 0000 001E,0.458244089065149,-6.375,0.0748153614800243,2016-02-05 21:52:31:020
0000 0000 0000 0000 0000 001E,1.40294578209401,-3.9375,0.227197697505103,2016-02-05 21:52:31:100
0000 0000 0000 0000 0000 001E,-0.0936876415058138,3.3125,-0.0151720876932492,2016-02-05 21:52:31:126
0000 0000 0000 0000 0000 001E,0.446697750332668,-14.3125,0.0723397166530637,2016-02-05 21:52:31:150
0000 0000 0000 0000 0000 001E,0.170511589331704,-22.25,0.0276132128472395,2016-02-05 21:52:31:173
0000 0000 0000 0000 0000 001E,-0.680147668479703,-9.125,-0.110145371413717,2016-02-05 21:52:31:188
0000 0000 0000 0000 0000 001E,-0.421295297670406,11.5625,-0.0682259591369078,2016-02-05 21:52:31:204
0000 0000 0000 0000 0000 001E,0.248328343890148,2.6875,0.0402151164194571,2016-02-05 21:52:31:226
0000 0000 0000 0000 0000 001E,-0.143159495712087,0,-0.0235137414254728,2016-02-05 21:52:31:277
0000 0000 0000 0000 0000 001E,0.0338813621066508,13.6875,0.00556496503257336,2016-02-05 21:52:31:306
0000 0000 0000 0000 0000 001E,0.594016119221411,3.3125,0.0975662938770454,2016-02-05 21:52:31:315
0000 0000 0000 0000 0000 001E,0.114133293077253,-7,0.0187462293584319,2016-02-05 21:52:31:340
0000 0000 0000 0000 0000 001E,0,-3.9375,0,2016-02-05 21:52:31:355
0000 0000 0000 0000 0000 001E,-0.205016620013996,2.6875,-0.0336736851925534,2016-02-05 21:52:31:391
0000 0000 0000 0000 0000 001E,-0.544869878845848,7,-0.0894940945271033,2016-02-05 21:52:31:403
0000 0000 0000 0000 0000 001E,-0.0868209903982931,3.9375,-0.0142602228959693,2016-02-05 21:52:31:431
0000 0000 0000 0000 0000 001E,-0.497006474779462,5.75,-0.0813209394239643,2016-02-05 21:52:31:476
0000 0000 0000 0000 0000 001E,0.149561605023355,-1.8125,0.0244714925045031,2016-02-05 21:52:31:502
0000 0000 0000 0000 0000 001E,-0.235936470459038,2.6875,-0.0386042765954248,2016-02-05 21:52:31:525
0000 0000 0000 0000 0000 001E,0.854815981432361,-13.6875,0.139866263664962,2016-02-05 21:52:31:544
0000 0000 0000 0000 0000 001E,0.0827006622404381,-3.3125,0.0135316054933905,2016-02-05 21:52:31:574
0000 0000 0000 0000 0000 001E,-0.164990848507602,-1.1875,-0.0269960482968533,2016-02-05 21:52:31:600
0000 0000 0000 0000 0000 001E,0.197604714690408,13.0625,0.0323323776422811,2016-02-05 21:52:31:620
0000 0000 0000 0000 0000 001E,0.213977000496655,3.3125,0.0354168828408256,2016-02-05 21:52:31:686
0000 0000 0000 0000 0000 001E,-0.361377513260146,9.125,-0.0598142090913345,2016-02-05 21:52:31:710
0000 0000 0000 0000 0000 001E,0.188649831822003,13.6875,0.0312247997498488,2016-02-05 21:52:31:755
0000 0000 0000 0000 0000 001E,-0.302274485960646,10.9375,-0.0500316390555552,2016-02-05 21:52:31:836
0000 0000 0000 0000 0000 001E,0.166206429981618,-13.0625,0.0273290923510471,2016-02-05 21:52:31:883
0000 0000 0000 0000 0000 001E,-0.363981550503168,0.5625,-0.0598489806253497,2016-02-05 21:52:31:909
0000 0000 0000 0000 0000 001E,0,0.5625,0,2016-02-05 21:52:31:920
0000 0000 0000 0000 0000 001E,-0.169646820954293,1.1875,-0.0278947910585299,2016-02-05 21:52:31:946
0000 0000 0000 0000 0000 001E,0.207905641727494,3.9375,0.0341856358006294,2016-02-05 21:52:31:962
0000 0000 0000 0000 0000 001E,0.262593808057104,-13.6875,0.0431779350052788,2016-02-05 21:52:31:983
0000 0000 0000 0000 0000 001E,-0.207294098917427,-9.75,-0.0340850806660608,2016-02-05 21:52:31:997
0000 0000 0000 0000 0000 001E,-0.234854102368833,6.375,-0.0386167337411071,2016-02-05 21:52:32:022
0000 0000 0000 0000 0000 001E,-0.202858849189862,3.9375,-0.0333557987157899,2016-02-05 21:52:32:029
0000 0000 0000 0000 0000 001E,-1.04645465568778,9.125,-0.169924977919531,2016-02-05 21:52:32:150
0000 0000 0000 0000 0000 001E,-0.582466002624358,10.375,-0.0945817595601122,2016-02-05 21:52:32:192
0000 0000 0000 0000 0000 001E,0.117117229662202,7.875,0.0190176827597622,2016-02-05 21:52:32:217
0000 0000 0000 0000 0000 001E,0.962589427662958,-12.5,0.156306808280859,2016-02-05 21:52:32:233
0000 0000 0000 0000 0000 001E,0.139920695188698,-3.3125,0.0228566341174024,2016-02-05 21:52:32:299
0000 0000 0000 0000 0000 001E,-0.101062040774088,8.5,-0.0165089094648659,2016-02-05 21:52:32:344
0000 0000 0000 0000 0000 001E,0.149695340043944,1.1875,0.0244533634702876,2016-02-05 21:52:32:364
0000 0000 0000 0000 0000 001E,-0.148879203327816,12.5,-0.0243200441047345,2016-02-05 21:52:32:386
0000 0000 0000 0000 0000 001E,0.0537044929608426,5.75,0.00877285482616541,2016-02-05 21:52:32:405
0000 0000 0000 0000 0000 001E,0.175884770750785,-1.1875,0.0287315171387071,2016-02-05 21:52:32:424
0000 0000 0000 0000 0000 001E,-0.234712986700848,27.4375,-0.0381543733461146,2016-02-05 21:52:32:509
0000 0000 0000 0000 0000 001E,0.389044879259622,-0.5625,0.0632421911557229,2016-02-05 21:52:32:526
0000 0000 0000 0000 0000 001E,0.227486702643941,-5.1875,0.0369796861518191,2016-02-05 21:52:32:611
0000 0000 0000 0000 0000 001E,-0.0525400817775863,13.0625,-0.00854078815132804,2016-02-05 21:52:32:630
0000 0000 0000 0000 0000 001E,-0.104927742559365,-7.875,-0.0171778023289547,2016-02-05 21:52:32:717
0000 0000 0000 0000 0000 001E,0.109783688076146,-5.1875,0.0179727729456173,2016-02-05 21:52:32:785
0000 0000 0000 0000 0000 001E,-0.0402960978763208,-4.5625,-0.00659690551863369,2016-02-05 21:52:32:821
0000 0000 0000 0000 0000 001E,-0.426353416284653,-2.6875,-0.0697986493235448,2016-02-05 21:52:32:826
0000 0000 0000 0000 0000 001E,0.321564614141172,5.75,0.0521879276398981,2016-02-05 21:52:32:886
0000 0000 0000 0000 0000 001E,-0.225083551014136,-1.8125,-0.0365296539379177,2016-02-05 21:52:32:912
0000 0000 0000 0000 0000 001E,-0.221079291414342,12.5,-0.0358797876247241,2016-02-05 21:52:32:930
0000 0000 0000 0000 0000 001E,0.072220270670019,-13.6875,0.0117208986751451,2016-02-05 21:52:32:950
0000 0000 0000 0000 0000 001E,0.52081699397666,-4.5625,0.0845253438966719,2016-02-05 21:52:32:966
0000 0000 0000 0000 0000 001E,0.0182883722236787,-2.6875,0.00296808854049425,2016-02-05 21:52:32:993
0000 0000 0000 0000 0000 001E,-0.272337257479781,5.75,-0.0441986352415117,2016-02-05 21:52:33:018
0000 0000 0000 0000 0000 001E,0.279257220474692,5.1875,0.0453217019975157,2016-02-05 21:52:33:039
0000 0000 0000 0000 0000 001E,-0.407845127610209,1.1875,-0.0668781296983125,2016-02-05 21:52:33:115
0000 0000 0000 0000 0000 001E,0.341957595069683,1.1875,0.056073942891995,2016-02-05 21:52:33:129
0000 0000 0000 0000 0000 001E,-0.0968667856965729,-0.5625,-0.015884140863062,2016-02-05 21:52:33:149
0000 0000 0000 0000 0000 001E,-0.0647716720833058,-1.8125,-0.0106212088685388,2016-02-05 21:52:33:164
0000 0000 0000 0000 0000 001E,-0.134290772827283,1.1875,-0.0220208974299999,2016-02-05 21:52:33:183
0000 0000 0000 0000 0000 001E,0,4.5625,0,2016-02-05 21:52:33:203
0000 0000 0000 0000 0000 001E,0.137179673703644,0.5625,0.0224946171692229,2016-02-05 21:52:33:228
0000 0000 0000 0000 0000 001E,0.176598493489873,-14.9375,0.0291176411360055,2016-02-05 21:52:33:322
0000 0000 0000 0000 0000 001E,-0.710456915366583,-2.6875,-0.117140464198942,2016-02-05 21:52:33:335
0000 0000 0000 0000 0000 001E,0.270956889675025,-9.125,0.0446754970610099,2016-02-05 21:52:33:364
0000 0000 0000 0000 0000 001E,-0.56423849942222,-0.5625,-0.0930319042740675,2016-02-05 21:52:33:382
0000 0000 0000 0000 0000 001E,0.303450807907431,-1.8125,0.0500331093004833,2016-02-05 21:52:33:415
0000 0000 0000 0000 0000 001E,-0.371558729209697,-14.9375,-0.0612627748078643,2016-02-05 21:52:33:434
0000 0000 0000 0000 0000 001E,0.265134453055583,0,0.0429599437843235,2016-02-05 21:52:33:504
0000 0000 0000 0000 0000 001E,-0.372591568103777,17.6875,-0.0603713045806823,2016-02-05 21:52:33:522
0000 0000 0000 0000 0000 001E,0.96991167707151,-2.6875,0.15715555124032,2016-02-05 21:52:33:537
0000 0000 0000 0000 0000 001E,-0.316673176699487,0.5625,-0.0513108036780158,2016-02-05 21:52:33:570
0000 0000 0000 0000 0000 001E,0.289546832884097,-9.125,0.0469155008723895,2016-02-05 21:52:33:589
0000 0000 0000 0000 0000 001E,-0.283499854848075,11.5625,-0.0459357042691992,2016-02-05 21:52:33:610
0000 0000 0000 0000 0000 001E,-0.179391504018369,5.1875,-0.0290669463707863,2016-02-05 21:52:33:631
0000 0000 0000 0000 0000 001E,0.926781114425163,-13.0625,0.15016707228061,2016-02-05 21:52:33:646
0000 0000 0000 0000 0000 001E,0.0681290986465752,-5.75,0.0111595575178665,2016-02-05 21:52:33:703
0000 0000 0000 0000 0000 001E,-0.122785097172828,9.125,-0.0201122190291282,2016-02-05 21:52:33:731
0000 0000 0000 0000 0000 001E,0.409231387065231,-13.6875,0.0670321682334531,2016-02-05 21:52:33:745
0000 0000 0000 0000 0000 001E,-0.144026325707917,-3.3125,-0.0235915357424926,2016-02-05 21:52:33:775
0000 0000 0000 0000 0000 001E,-0.0554549971607046,7,-0.00908353761846104,2016-02-05 21:52:33:802
0000 0000 0000 0000 0000 001E,-0.065424017418491,3.3125,-0.0107164647696136,2016-02-05 21:52:33:824
0000 0000 0000 0000 0000 001E,-0.124091977635648,9.125,-0.0203262862630055,2016-02-05 21:52:33:848
0000 0000 0000 0000 0000 001E,-0.147313539781051,7,-0.0242624550833462,2016-02-05 21:52:33:932
0000 0000 0000 0000 0000 001E,0.287241161244776,7.875,0.0473084536774267,2016-02-05 21:52:33:949
0000 0000 0000 0000 0000 001E,-0.244079605098723,7.875,-0.0401997702605637,2016-02-05 21:52:33:969
0000 0000 0000 0000 0000 001E,0.0348734956968882,2.6875,0.00574364463852126,2016-02-05 21:52:33:997
0000 0000 0000 0000 0000 001E,-0.317142973126572,-7.875,-0.0522332648575194,2016-02-05 21:52:34:042
0000 0000 0000 0000 0000 001E,-0.402585447663306,10.9375,-0.0663055911605775,2016-02-05 21:52:34:069
0000 0000 0000 0000 0000 001E,-0.189223701774025,4.5625,-0.0310118058083625,2016-02-05 21:52:34:127
0000 0000 0000 0000 0000 001E,0.0843221131706201,-5.75,0.0138195214155619,2016-02-05 21:52:34:145
0000 0000 0000 0000 0000 001E,0.0664622111818149,-4.5625,0.0108924683717806,2016-02-05 21:52:34:174
0000 0000 0000 0000 0000 001E,-0.489146663327428,8.5,-0.0801660742956724,2016-02-05 21:52:34:187
0000 0000 0000 0000 0000 001E,0.0301073652731543,3.9375,0.00493428548590346,2016-02-05 21:52:34:220
0000 0000 0000 0000 0000 001E,-0.0176223924498333,7,-0.00288812768912865,2016-02-05 21:52:34:247
