0000 0000 0000 0000 0000 001E,-0.176402185693644,-0.5625,-0.0285363471060088,2016-02-07 16:21:20:290
0000 0000 0000 0000 0000 001E,-0.458115066954766,0,-0.0741086654550714,2016-02-07 16:21:20:326
0000 0000 0000 0000 0000 001E,-0.43874674274418,-3.3125,-0.0709754773918868,2016-02-07 16:21:20:395
0000 0000 0000 0000 0000 001E,-0.855524396282471,5.1875,-0.138397044424234,2016-02-07 16:21:20:434
0000 0000 0000 0000 0000 001E,-0.422960316171298,0,-0.0684217281484979,2016-02-07 16:21:20:453
0000 0000 0000 0000 0000 001E,-1.01895085559265,2.6875,-0.168747036532043,2016-02-07 16:21:20:508
0000 0000 0000 0000 0000 001E,-0.672409341289879,-3.3125,-0.111356777470032,2016-02-07 16:21:20:612
0000 0000 0000 0000 0000 001E,-1.72866455610022,15.5625,-0.286281737140527,2016-02-07 16:21:20:634
0000 0000 0000 0000 0000 001E,-0.741349617198605,-17.6875,-0.122909580082665,2016-02-07 16:21:20:703
0000 0000 0000 0000 0000 001E,-1.24075297377919,-11.5625,-0.205706489159301,2016-02-07 16:21:20:731
0000 0000 0000 0000 0000 001E,-1.15615134175217,-2.6875,-0.191680244556867,2016-02-07 16:21:20:761
0000 0000 0000 0000 0000 001E,-1.27243017788353,-7,-0.210958305258391,2016-02-07 16:21:20:796
0000 0000 0000 0000 0000 001E,-0.341909705202718,-11.5625,-0.0566857759385551,2016-02-07 16:21:20:851
0000 0000 0000 0000 0000 001E,-2.03104017915629,-5.1875,-0.331237865586784,2016-02-07 16:21:20:917
0000 0000 0000 0000 0000 001E,-1.56274197295065,-2.6875,-0.254864143454849,2016-02-07 16:21:20:936
0000 0000 0000 0000 0000 001E,-1.3370993364696,-4.5625,-0.218064583278543,2016-02-07 16:21:20:951
0000 0000 0000 0000 0000 001E,-1.76462186437075,1.8125,-0.28778828992184,2016-02-07 16:21:21:006
0000 0000 0000 0000 0000 001E,-1.823204778039,10.375,-0.297342448171623,2016-02-07 16:21:21:035
0000 0000 0000 0000 0000 001E,-2.43197314205506,-3.3125,-0.397489481131309,2016-02-07 16:21:21:325
0000 0000 0000 0000 0000 001E,1.4038256442639,13.0625,0.229445760435396,2016-02-07 16:21:21:411
0000 0000 0000 0000 0000 001E,-2.55014144784564,-13.6875,-0.416803287580328,2016-02-07 16:21:21:439
0000 0000 0000 0000 0000 001E,-1.98205390896133,-3.9375,-0.323953240364151,2016-02-07 16:21:21:471
0000 0000 0000 0000 0000 001E,-1.80928670680871,3.3125,-0.297824972314191,2016-02-07 16:21:21:607
0000 0000 0000 0000 0000 001E,-1.03292222834669,2.6875,-0.170028350345134,2016-02-07 16:21:21:641
0000 0000 0000 0000 0000 001E,-1.41792337645195,3.3125,-0.233403024930363,2016-02-07 16:21:21:648
0000 0000 0000 0000 0000 001E,-0.926978985741407,-10.9375,-0.152589133455376,2016-02-07 16:21:21:673
0000 0000 0000 0000 0000 001E,-0.361969991337448,2.6875,-0.0593880215483918,2016-02-07 16:21:21:829
0000 0000 0000 0000 0000 001E,-1.73484385443416,-7.875,-0.282164899067633,2016-02-07 16:21:21:949
0000 0000 0000 0000 0000 001E,-1.84191913238241,-1.8125,-0.299580232970845,2016-02-07 16:21:21:958
0000 0000 0000 0000 0000 001E,-1.50311538006157,1.1875,-0.244475258345606,2016-02-07 16:21:22:009
0000 0000 0000 0000 0000 001E,-1.40668874443877,3.3125,-0.228791880364127,2016-02-07 16:21:22:037
0000 0000 0000 0000 0000 001E,-1.69564179363632,5.75,-0.275788852312766,2016-02-07 16:21:22:060
0000 0000 0000 0000 0000 001E,-1.81047135248073,5.75,-0.299004352185091,2016-02-07 16:21:22:147
0000 0000 0000 0000 0000 001E,-1.3517523740544,-3.3125,-0.22324564393962,2016-02-07 16:21:22:178
0000 0000 0000 0000 0000 001E,-2.05132385824637,8.5,-0.338781809784703,2016-02-07 16:21:22:193
0000 0000 0000 0000 0000 001E,-1.29458052000848,8.5,-0.213803554088932,2016-02-07 16:21:22:221
0000 0000 0000 0000 0000 001E,-1.15336685424483,-6.375,-0.187386978756267,2016-02-07 16:21:22:485
0000 0000 0000 0000 0000 001E,-1.14385597553267,6.375,-0.187979618000438,2016-02-07 16:21:22:618
0000 0000 0000 0000 0000 001E,0.0278572141716111,10.375,0.00453823744310798,2016-02-07 16:21:22:935
0000 0000 0000 0000 0000 001E,0.0656539087290916,4.5625,0.0106957223017798,2016-02-07 16:21:22:972
0000 0000 0000 0000 0000 001E,0.20982091700805,-1.1875,0.0341820663059544,2016-02-07 16:21:23:007
0000 0000 0000 0000 0000 001E,0.178210748531803,7,0.0290324325601634,2016-02-07 16:21:23:037
0000 0000 0000 0000 0000 001E,-0.220841813658978,7,-0.0359774879705096,2016-02-07 16:21:23:048
0000 0000 0000 0000 0000 001E,0.613932837384744,-4.5625,0.100016210271748,2016-02-07 16:21:23:089
0000 0000 0000 0000 0000 001E,0.952833863149943,-6.375,0.157536599032782,2016-02-07 16:21:23:483
0000 0000 0000 0000 0000 001E,0.192251850539413,0.5625,0.0317859218307103,2016-02-07 16:21:23:496
0000 0000 0000 0000 0000 001E,2.64184162549988,24.0625,0.427597781305619,2016-02-07 16:21:23:685
0000 0000 0000 0000 0000 001E,4.48650459418071,11.5625,0.726167455222127,2016-02-07 16:21:23:709
0000 0000 0000 0000 0000 001E,4.34908772115851,-4.5625,0.715506617136031,2016-02-07 16:21:23:766
0000 0000 0000 0000 0000 001E,2.6290511656115,-1.1875,0.432528297057006,2016-02-07 16:21:23:882
0000 0000 0000 0000 0000 001E,1.69229546124917,-3.9375,0.279641221908428,2016-02-07 16:21:23:977
0000 0000 0000 0000 0000 001E,1.54249034068818,1.8125,0.254886864338449,2016-02-07 16:21:23:997
0000 0000 0000 0000 0000 001E,-0.110307268003716,-8.1875,-0.0182275849083529,2016-02-07 16:21:24:037
0000 0000 0000 0000 0000 001E,2.8051879041726,7.875,0.455018313734404,2016-02-07 16:21:24:302
0000 0000 0000 0000 0000 001E,3.80468493684383,11.5625,0.617142731037118,2016-02-07 16:21:24:314
0000 0000 0000 0000 0000 001E,3.06335076838955,14.9375,0.496625360992631,2016-02-07 16:21:24:349
0000 0000 0000 0000 0000 001E,1.27294177324151,18.25,0.211510679574885,2016-02-07 16:21:24:594
0000 0000 0000 0000 0000 001E,2.20784001665874,-1.8125,0.36685239822632,2016-02-07 16:21:24:619
0000 0000 0000 0000 0000 001E,2.6763936088577,1.8125,0.444706775218671,2016-02-07 16:21:24:633
0000 0000 0000 0000 0000 001E,-1.43618210144314,6.375,-0.238634522532785,2016-02-07 16:21:24:680
0000 0000 0000 0000 0000 001E,1.37357224270055,7,0.224134714609827,2016-02-07 16:21:24:972
0000 0000 0000 0000 0000 001E,1.54783628779979,2.6875,0.252570512015196,2016-02-07 16:21:25:020
0000 0000 0000 0000 0000 001E,1.56753913498071,3.9375,0.255785553709118,2016-02-07 16:21:25:054
0000 0000 0000 0000 0000 001E,1.58826408697393,6.375,0.259167378891584,2016-02-07 16:21:25:120
0000 0000 0000 0000 0000 001E,1.36342269410917,4.5625,0.224678279721369,2016-02-07 16:21:25:184
0000 0000 0000 0000 0000 001E,0.700138375823268,0.5625,0.115375727957693,2016-02-07 16:21:25:273
0000 0000 0000 0000 0000 001E,0.491593034654514,2.6875,0.0810095635245011,2016-02-07 16:21:25:292
0000 0000 0000 0000 0000 001E,0.592631869598991,1.8125,0.0976597423123852,2016-02-07 16:21:25:312
0000 0000 0000 0000 0000 001E,0.342285201888027,3.3125,0.0557014160924372,2016-02-07 16:21:25:366
0000 0000 0000 0000 0000 001E,0.424689574273289,3.3125,0.0691114034618858,2016-02-07 16:21:25:388
0000 0000 0000 0000 0000 001E,0.650552362325773,-7.875,0.105866942607937,2016-02-07 16:21:25:417
0000 0000 0000 0000 0000 001E,0.0644829806200269,7,0.0104935688559848,2016-02-07 16:21:25:448
0000 0000 0000 0000 0000 001E,0.631825076939218,-3.3125,0.102819377858294,2016-02-07 16:21:25:476
0000 0000 0000 0000 0000 001E,-0.16816988117789,1.1875,-0.0273669456758161,2016-02-07 16:21:25:494
0000 0000 0000 0000 0000 001E,0.0882831064676105,4.5625,0.0143666568702377,2016-02-07 16:21:25:532
0000 0000 0000 0000 0000 001E,-0.269843188726167,1.8125,-0.0448120435194298,2016-02-07 16:21:25:609
0000 0000 0000 0000 0000 001E,-0.404172874762023,-1.8125,-0.0671197688505989,2016-02-07 16:21:25:699
0000 0000 0000 0000 0000 001E,-0.552908335759811,5.1875,-0.0918198177292794,2016-02-07 16:21:25:730
0000 0000 0000 0000 0000 001E,-2.34193960174607,1.8125,-0.381734246413377,2016-02-07 16:21:25:872
0000 0000 0000 0000 0000 001E,-0.960749508096253,-1.1875,-0.156857062546327,2016-02-07 16:21:26:493
0000 0000 0000 0000 0000 001E,-1.8280325369349,2.6875,-0.298454291744474,2016-02-07 16:21:26:517
0000 0000 0000 0000 0000 001E,-2.19817915399906,7.875,-0.358886392489643,2016-02-07 16:21:26:534
0000 0000 0000 0000 0000 001E,-0.76844262295082,10.375,-0.12444414946572,2016-02-07 16:21:26:687
0000 0000 0000 0000 0000 001E,-2.95835063055381,15.5625,-0.479085122356892,2016-02-07 16:21:26:721
0000 0000 0000 0000 0000 001E,-2.9096834264432,-7.875,-0.471203793755984,2016-02-07 16:21:26:743
0000 0000 0000 0000 0000 001E,-2.6661356871103,10.9375,-0.441291424073429,2016-02-07 16:21:27:273
0000 0000 0000 0000 0000 001E,-2.08896412672718,13.0625,-0.345759579596223,2016-02-07 16:21:27:290
0000 0000 0000 0000 0000 001E,-2.3874197580518,-6.375,-0.395159132367194,2016-02-07 16:21:27:340
0000 0000 0000 0000 0000 001E,-2.21741715250077,-4.5625,-0.367020770069093,2016-02-07 16:21:27:356
0000 0000 0000 0000 0000 001E,-1.22128468913768,16.125,-0.200814144555388,2016-02-07 16:21:27:438
0000 0000 0000 0000 0000 001E,0.109849550056243,10.375,0.0180624088883929,2016-02-07 16:21:27:456
0000 0000 0000 0000 0000 001E,-0.562860230547551,6.375,-0.0925503256586819,2016-02-07 16:21:27:472
0000 0000 0000 0000 0000 001E,1.24376053178149,-3.9375,0.201963821128252,2016-02-07 16:21:27:761
0000 0000 0000 0000 0000 001E,-0.700978004511896,-20.125,-0.11382592766093,2016-02-07 16:21:27:766
0000 0000 0000 0000 0000 001E,-0.708681059506529,10.9375,-0.115766032045717,2016-02-07 16:21:27:825
0000 0000 0000 0000 0000 001E,-0.0955166764475745,1.8125,-0.0156030508762714,2016-02-07 16:21:27:861
0000 0000 0000 0000 0000 001E,-0.249465146725422,7.875,-0.04075118106051,2016-02-07 16:21:27:892
0000 0000 0000 0000 0000 001E,0.279890242313705,-4.5625,0.0457212484040901,2016-02-07 16:21:27:930
0000 0000 0000 0000 0000 001E,0.00560292894231043,-9.4375,0.000910798527603972,2016-02-07 16:21:28:159
0000 0000 0000 0000 0000 001E,0.297947176457536,-1.1875,0.0483549650729028,2016-02-07 16:21:28:427
0000 0000 0000 0000 0000 001E,-0.455100300796475,5.1875,-0.0738599352117623,2016-02-07 16:21:28:439
0000 0000 0000 0000 0000 001E,0.255055500076816,-10.9375,0.0413939139967784,2016-02-07 16:21:28:472
0000 0000 0000 0000 0000 001E,-0.542419924354634,0,-0.0880313645152232,2016-02-07 16:21:28:491
0000 0000 0000 0000 0000 001E,0.0987091475741242,-2.6875,0.0160198778859818,2016-02-07 16:21:28:520
0000 0000 0000 0000 0000 001E,-0.566537292538972,7.875,-0.0934109303444308,2016-02-07 16:21:28:821
0000 0000 0000 0000 0000 001E,-0.03497967261265,-6.375,-0.00576746456927452,2016-02-07 16:21:28:849
0000 0000 0000 0000 0000 001E,-1.01762673164154,-1.8125,-0.167786765316,2016-02-07 16:21:28:858
0000 0000 0000 0000 0000 001E,-0.136004602197913,13.0625,-0.0224245015989965,2016-02-07 16:21:28:897
0000 0000 0000 0000 0000 001E,0.297944421844811,9.125,0.0491252138243711,2016-02-07 16:21:28:907
0000 0000 0000 0000 0000 001E,2.27636946386946,1.1875,0.374916738490716,2016-02-07 16:21:29:458
0000 0000 0000 0000 0000 001E,1.36812653230172,11.5625,0.225329651216313,2016-02-07 16:21:29:490
0000 0000 0000 0000 0000 001E,1.73202787631092,3.3125,0.283861438346504,2016-02-07 16:21:29:662
0000 0000 0000 0000 0000 001E,0.595115503543538,-9.125,0.0975332701792196,2016-02-07 16:21:29:707
0000 0000 0000 0000 0000 001E,-2.00320512820513,32,-0.328304582606686,2016-02-07 16:21:29:725
0000 0000 0000 0000 0000 001E,2.38009298505881,1.1875,0.389222074416813,2016-02-07 16:21:29:869
0000 0000 0000 0000 0000 001E,2.72864484582377,18.25,0.446221561050494,2016-02-07 16:21:29:929
0000 0000 0000 0000 0000 001E,-0.811344961397394,1.8125,-0.132681105706851,2016-02-07 16:21:29:978
0000 0000 0000 0000 0000 001E,1.23390182899043,9.125,0.200906675005226,2016-02-07 16:21:30:044
0000 0000 0000 0000 0000 001E,1.85555853509041,9.125,0.302126220096132,2016-02-07 16:21:30:082
0000 0000 0000 0000 0000 001E,1.05107772811305,-5.75,0.170031446985125,2016-02-07 16:21:30:501
0000 0000 0000 0000 0000 001E,0.994732955317125,-3.3125,0.160916627983358,2016-02-07 16:21:30:516
0000 0000 0000 0000 0000 001E,0.849890225088018,5.1875,0.137485612039043,2016-02-07 16:21:30:567
0000 0000 0000 0000 0000 001E,1.59636183763312,-7.875,0.264371267617961,2016-02-07 16:21:30:702
0000 0000 0000 0000 0000 001E,1.11690390353058,-2.6875,0.184968904807714,2016-02-07 16:21:30:733
0000 0000 0000 0000 0000 001E,1.17758820211607,-2.6875,0.195018747245278,2016-02-07 16:21:30:758
0000 0000 0000 0000 0000 001E,0.845717864654211,8.5,0.140058161411131,2016-02-07 16:21:30:783
0000 0000 0000 0000 0000 001E,1.22929241172294,-3.3125,0.203581409614618,2016-02-07 16:21:30:798
0000 0000 0000 0000 0000 001E,0.789779619894865,0.5625,0.130938870388759,2016-02-07 16:21:30:858
0000 0000 0000 0000 0000 001E,0.750048003072196,5.1875,0.12435169987381,2016-02-07 16:21:30:881
0000 0000 0000 0000 0000 001E,0.662151090518703,2.6875,0.109779125258696,2016-02-07 16:21:30:907
0000 0000 0000 0000 0000 001E,0.578255316602414,12.5,0.0958699060407428,2016-02-07 16:21:30:947
0000 0000 0000 0000 0000 001E,0.134820477674345,-3.9375,0.0219875745051936,2016-02-07 16:21:31:073
0000 0000 0000 0000 0000 001E,0.294974577124446,-5.75,0.0481067535402739,2016-02-07 16:21:31:098
0000 0000 0000 0000 0000 001E,-0.178977793389944,-2.6875,-0.0291890937847149,2016-02-07 16:21:31:115
0000 0000 0000 0000 0000 001E,-0.170813030984508,6.375,-0.0278575206824422,2016-02-07 16:21:31:135
0000 0000 0000 0000 0000 001E,-0.220323639563216,-0.5625,-0.0359320966941913,2016-02-07 16:21:31:168
0000 0000 0000 0000 0000 001E,-0.451518874537645,4.5625,-0.0736372179186156,2016-02-07 16:21:31:201
0000 0000 0000 0000 0000 001E,-0.380097606968379,-1.1875,-0.0623963239893372,2016-02-07 16:21:31:304
0000 0000 0000 0000 0000 001E,-0.661571682614952,-2.6875,-0.108602738596162,2016-02-07 16:21:31:316
0000 0000 0000 0000 0000 001E,-0.480366637777569,-3.3125,-0.0788563564067144,2016-02-07 16:21:31:386
0000 0000 0000 0000 0000 001E,-0.617700063252487,1.8125,-0.100958877131978,2016-02-07 16:21:31:489
0000 0000 0000 0000 0000 001E,-0.905629668153792,-5.75,-0.148019014135733,2016-02-07 16:21:31:509
0000 0000 0000 0000 0000 001E,-1.03087324295794,-9.75,-0.16848922521786,2016-02-07 16:21:31:545
0000 0000 0000 0000 0000 001E,-1.9348035945334,6.375,-0.316230497608291,2016-02-07 16:21:31:557
0000 0000 0000 0000 0000 001E,-2.15941239594172,0.5625,-0.355458830607691,2016-02-07 16:21:31:698
0000 0000 0000 0000 0000 001E,-2.89917544621846,0.5625,-0.477230526126495,2016-02-07 16:21:31:725
0000 0000 0000 0000 0000 001E,-4.01410055064371,15.5625,-0.660757292287031,2016-02-07 16:21:31:745
0000 0000 0000 0000 0000 001E,-2.7411089100303,-9.75,-0.451211343214865,2016-02-07 16:21:31:765
0000 0000 0000 0000 0000 001E,-2.8889921998042,-10.375,-0.475554271572707,2016-02-07 16:21:31:788
0000 0000 0000 0000 0000 001E,-2.36991701764942,-0.5625,-0.390109797143937,2016-02-07 16:21:31:813
0000 0000 0000 0000 0000 001E,-1.66468115605145,-9.125,-0.274021589473489,2016-02-07 16:21:31:826
0000 0000 0000 0000 0000 001E,-0.91545582376377,7.875,-0.150197838189298,2016-02-07 16:21:31:881
0000 0000 0000 0000 0000 001E,-0.766085078629547,-12.5,-0.125690743007309,2016-02-07 16:21:31:908
0000 0000 0000 0000 0000 001E,-1.74439560579769,-3.9375,-0.283718450387264,2016-02-07 16:21:32:227
0000 0000 0000 0000 0000 001E,-2.33787192202462,-12.5,-0.386106015198121,2016-02-07 16:21:32:298
0000 0000 0000 0000 0000 001E,-3.17744083169906,-16.125,-0.524763143137747,2016-02-07 16:21:32:321
0000 0000 0000 0000 0000 001E,-1.5883450715031,24.6875,-0.258057688302697,2016-02-07 16:21:32:493
0000 0000 0000 0000 0000 001E,-0.533414001335195,0,-0.0866635258058806,2016-02-07 16:21:32:510
0000 0000 0000 0000 0000 001E,0.176211205341029,-8.5,0.0286289529392412,2016-02-07 16:21:32:527
0000 0000 0000 0000 0000 001E,0.0996829285408971,-2.6875,0.0163817466788656,2016-02-07 16:21:32:821
0000 0000 0000 0000 0000 001E,-2.80755869669382,-1.1875,-0.465984845924286,2016-02-07 16:21:32:886
0000 0000 0000 0000 0000 001E,0.0767128981940061,11.5625,0.0127324312355197,2016-02-07 16:21:33:020
0000 0000 0000 0000 0000 001E,-0.634984585201794,0,-0.105391632398638,2016-02-07 16:21:33:042
0000 0000 0000 0000 0000 001E,-0.0327953152548065,-6.375,-0.00534270680230353,2016-02-07 16:21:33:200
0000 0000 0000 0000 0000 001E,0.144472594126785,5.75,0.0235361271995848,2016-02-07 16:21:33:227
0000 0000 0000 0000 0000 001E,-0.578075670876085,1.8125,-0.0941746952282517,2016-02-07 16:21:33:250
0000 0000 0000 0000 0000 001E,0.825729284103721,1.8125,0.136521788498824,2016-02-07 16:21:33:504
0000 0000 0000 0000 0000 001E,4.93262960496557,2.6875,0.815535343890698,2016-02-07 16:21:33:564
0000 0000 0000 0000 0000 001E,0,-6.375,0,2016-02-07 16:21:33:731
0000 0000 0000 0000 0000 001E,-0.294772759286835,-7,-0.0477107244596982,2016-02-07 16:21:33:756
0000 0000 0000 0000 0000 001E,0.204801642782246,-6.375,0.0331483640866867,2016-02-07 16:21:33:770
0000 0000 0000 0000 0000 001E,-0.457120845685756,3.9375,-0.0739877279232408,2016-02-07 16:21:33:802
0000 0000 0000 0000 0000 001E,-0.246047493071302,5.75,-0.0398242502947885,2016-02-07 16:21:33:826
0000 0000 0000 0000 0000 001E,0.226591141120239,3.9375,0.0366751240011176,2016-02-07 16:21:33:847
0000 0000 0000 0000 0000 001E,0.241747326467965,-8.5,0.0391282427517612,2016-02-07 16:21:33:857
0000 0000 0000 0000 0000 001E,0.154136133032695,-10.9375,0.025470030245006,2016-02-07 16:21:34:161
0000 0000 0000 0000 0000 001E,0.404044490564023,-2.6875,0.0667658205283431,2016-02-07 16:21:34:229
0000 0000 0000 0000 0000 001E,-0.182956816336726,-9.125,-0.0302324675852481,2016-02-07 16:21:34:261
0000 0000 0000 0000 0000 001E,0.1482166571808,5.1875,0.0240416313350852,2016-02-07 16:21:34:319
0000 0000 0000 0000 0000 001E,0.255150363170821,1.8125,0.0413869202223554,2016-02-07 16:21:34:338
0000 0000 0000 0000 0000 001E,0,8.5,0,2016-02-07 16:21:34:354
0000 0000 0000 0000 0000 001E,0.356134428093358,-1.8125,0.0577671416209827,2016-02-07 16:21:34:377
0000 0000 0000 0000 0000 001E,0.557035324315515,-1.8125,0.0903544727194672,2016-02-07 16:21:34:396
0000 0000 0000 0000 0000 001E,0,11.5625,0,2016-02-07 16:21:34:415
0000 0000 0000 0000 0000 001E,0.504470155912463,-0.5625,0.0818280869282179,2016-02-07 16:21:34:436
0000 0000 0000 0000 0000 001E,0.0396815318976025,2.6875,0.00643658262734833,2016-02-07 16:21:34:448
0000 0000 0000 0000 0000 001E,0.825078151402501,16.125,0.133760305550257,2016-02-07 16:21:34:504
0000 0000 0000 0000 0000 001E,1.81956866033166,6.375,0.294985462361252,2016-02-07 16:21:34:531
0000 0000 0000 0000 0000 001E,2.25622757213784,9.125,0.365775883080978,2016-02-07 16:21:34:551
0000 0000 0000 0000 0000 001E,2.51228868063212,1.1875,0.407288086565596,2016-02-07 16:21:34:626
0000 0000 0000 0000 0000 001E,1.91625527819176,-6.375,0.31066013696705,2016-02-07 16:21:34:646
0000 0000 0000 0000 0000 001E,0.943221664636961,9.75,0.152913536552871,2016-02-07 16:21:34:670
0000 0000 0000 0000 0000 001E,0.535420569287703,6.375,0.0889649242793193,2016-02-07 16:21:34:757
0000 0000 0000 0000 0000 001E,0.961234703378562,-12.5,0.159717757415435,2016-02-07 16:21:34:776
0000 0000 0000 0000 0000 001E,0.58660692201689,-20.75,0.0970400201847626,2016-02-07 16:21:34:929
0000 0000 0000 0000 0000 001E,1.66644008803152,-8.5,0.275672471138382,2016-02-07 16:21:35:065
0000 0000 0000 0000 0000 001E,2.1182590686727,9.75,0.345650106392064,2016-02-07 16:21:35:119
0000 0000 0000 0000 0000 001E,1.77517026071366,-5.1875,0.289666074633722,2016-02-07 16:21:35:159
0000 0000 0000 0000 0000 001E,2.1212679537193,4.5625,0.346141085730645,2016-02-07 16:21:35:205
0000 0000 0000 0000 0000 001E,2.37303078665568,16.75,0.38722286428975,2016-02-07 16:21:35:242
0000 0000 0000 0000 0000 001E,3.43245487310854,-55.1875,0.565633870877541,2016-02-07 16:21:35:468
0000 0000 0000 0000 0000 001E,1.27926969051907,11.5625,0.208180584299279,2016-02-07 16:21:35:519
0000 0000 0000 0000 0000 001E,1.29203417861081,-5.75,0.210257799611197,2016-02-07 16:21:35:541
0000 0000 0000 0000 0000 001E,1.91349440477227,1.1875,0.311390464568311,2016-02-07 16:21:35:589
0000 0000 0000 0000 0000 001E,2.46195171897149,9.75,0.400643078758582,2016-02-07 16:21:35:645
0000 0000 0000 0000 0000 001E,3.6903427199053,-13.0625,0.60054397394716,2016-02-07 16:21:35:678
0000 0000 0000 0000 0000 001E,2.52798093971631,11.5625,0.411388273346837,2016-02-07 16:21:35:692
0000 0000 0000 0000 0000 001E,3.95422355519861,3.9375,0.656665965435695,2016-02-07 16:21:35:794
0000 0000 0000 0000 0000 001E,2.73821249488334,-3.9375,0.454726680578468,2016-02-07 16:21:35:847
0000 0000 0000 0000 0000 001E,-0.222847281546581,5.75,-0.0363239252724664,2016-02-07 16:21:36:089
0000 0000 0000 0000 0000 001E,2.68514832271694,9.125,0.44542134189388,2016-02-07 16:21:36:281
0000 0000 0000 0000 0000 001E,2.08871534041128,-2.6875,0.346483053427362,2016-02-07 16:21:36:300
0000 0000 0000 0000 0000 001E,2.4396096382509,7.875,0.40246515890859,2016-02-07 16:21:36:395
0000 0000 0000 0000 0000 001E,2.73852106199493,0.5625,0.451776914269167,2016-02-07 16:21:36:411
0000 0000 0000 0000 0000 001E,1.7544206201344,1.1875,0.289428752290526,2016-02-07 16:21:36:457
0000 0000 0000 0000 0000 001E,1.46235774183887,-3.3125,0.238752284381857,2016-02-07 16:21:36:541
0000 0000 0000 0000 0000 001E,1.19047359896904,0,0.194363036566373,2016-02-07 16:21:36:570
0000 0000 0000 0000 0000 001E,0.950767757365391,7.875,0.155227388957615,2016-02-07 16:21:36:606
0000 0000 0000 0000 0000 001E,1.07098793639189,4.5625,0.174855173288471,2016-02-07 16:21:36:622
0000 0000 0000 0000 0000 001E,1.0049269160531,-1.1875,0.164069700580099,2016-02-07 16:21:36:657
0000 0000 0000 0000 0000 001E,-0.323001422239861,10.9375,-0.0523079226299371,2016-02-07 16:21:36:740
0000 0000 0000 0000 0000 001E,0.574462322024539,-0.5625,0.0930303355505326,2016-02-07 16:21:36:782
0000 0000 0000 0000 0000 001E,0.817739346855229,-10.9375,0.13242742459194,2016-02-07 16:21:36:787
0000 0000 0000 0000 0000 001E,-0.467736810109793,24.0625,-0.0757468518396425,2016-02-07 16:21:36:878
0000 0000 0000 0000 0000 001E,0.339286157434982,-3.3125,0.0549451267101185,2016-02-07 16:21:36:888
0000 0000 0000 0000 0000 001E,0,1.1875,0,2016-02-07 16:21:36:946
0000 0000 0000 0000 0000 001E,-0.323085267470861,0.5625,-0.0530662908520439,2016-02-07 16:21:36:986
0000 0000 0000 0000 0000 001E,-0.569503262982506,1.1875,-0.0935400924690675,2016-02-07 16:21:37:022
0000 0000 0000 0000 0000 001E,-0.523766425315099,7,-0.0860278826140322,2016-02-07 16:21:37:075
0000 0000 0000 0000 0000 001E,-0.508668691140929,-5.1875,-0.0832291286295493,2016-02-07 16:21:37:161
0000 0000 0000 0000 0000 001E,-0.746267519185742,3.3125,-0.122105402648335,2016-02-07 16:21:37:192
0000 0000 0000 0000 0000 001E,-0.713307464049305,0.5625,-0.116712429350854,2016-02-07 16:21:37:214
0000 0000 0000 0000 0000 001E,-0.72779048102981,-5.1875,-0.119082162153773,2016-02-07 16:21:37:236
0000 0000 0000 0000 0000 001E,-1.0440668202765,3.3125,-0.170831767702727,2016-02-07 16:21:37:263
0000 0000 0000 0000 0000 001E,-2.43207685465806,-12.5,-0.402550651805472,2016-02-07 16:21:37:375
0000 0000 0000 0000 0000 001E,-0.983380605531685,-4.5625,-0.16276644505352,2016-02-07 16:21:37:478
0000 0000 0000 0000 0000 001E,-0.90216831296191,1.1875,-0.149324410421282,2016-02-07 16:21:37:492
0000 0000 0000 0000 0000 001E,-0.468319146385327,5.75,-0.0775148931948127,2016-02-07 16:21:37:517
0000 0000 0000 0000 0000 001E,-1.95454088788729,9.75,-0.321382442513667,2016-02-07 16:21:37:578
0000 0000 0000 0000 0000 001E,-1.94265511139961,-24.6875,-0.319428080800156,2016-02-07 16:21:37:625
0000 0000 0000 0000 0000 001E,-1.37977101162603,4.5625,-0.225391398577625,2016-02-07 16:21:37:952
0000 0000 0000 0000 0000 001E,2.98554610453649,5.75,0.487701514490034,2016-02-07 16:21:37:998
0000 0000 0000 0000 0000 001E,-1.75174992200904,9.125,-0.286155718269923,2016-02-07 16:21:38:004
0000 0000 0000 0000 0000 001E,-3.17777294658887,9.125,-0.519102577716668,2016-02-07 16:21:38:116
0000 0000 0000 0000 0000 001E,-1.75624112636062,-9.75,-0.286889375392424,2016-02-07 16:21:38:126
0000 0000 0000 0000 0000 001E,-1.68161147706773,-1.1875,-0.273358679555849,2016-02-07 16:21:38:197
0000 0000 0000 0000 0000 001E,-1.13712447601304,3.3125,-0.184848194420976,2016-02-07 16:21:38:232
0000 0000 0000 0000 0000 001E,-1.20373666425809,-3.3125,-0.195676510039245,2016-02-07 16:21:38:255
0000 0000 0000 0000 0000 001E,-0.699167710757112,-4.5625,-0.113470550839672,2016-02-07 16:21:38:669
0000 0000 0000 0000 0000 001E,-1.90072351479219,2.6875,-0.308475550142092,2016-02-07 16:21:38:730
0000 0000 0000 0000 0000 001E,-1.37755674531931,-8.5,-0.225890693411202,2016-02-07 16:21:38:784
0000 0000 0000 0000 0000 001E,-1.56288627433122,1.8125,-0.256280886744665,2016-02-07 16:21:38:822
0000 0000 0000 0000 0000 001E,-0.534686401360152,3.3125,-0.0876774640109569,2016-02-07 16:21:38:866
0000 0000 0000 0000 0000 001E,-0.238250542152345,-1.1875,-0.0390681402818822,2016-02-07 16:21:38:902
0000 0000 0000 0000 0000 001E,0.710374883092591,1.1875,0.116486725841912,2016-02-07 16:21:38:922
0000 0000 0000 0000 0000 001E,0.0662098715210683,-0.5625,0.0109167141831935,2016-02-07 16:21:38:987
0000 0000 0000 0000 0000 001E,-0.136375084786339,-1.8125,-0.0224855869392149,2016-02-07 16:21:39:012
0000 0000 0000 0000 0000 001E,-0.139088823553349,9.75,-0.0229330294399587,2016-02-07 16:21:39:037
0000 0000 0000 0000 0000 001E,0.245233026664232,-5.1875,0.0404341346519755,2016-02-07 16:21:39:059
0000 0000 0000 0000 0000 001E,0.113048420497517,21.3125,0.0186394757621627,2016-02-07 16:21:39:098
0000 0000 0000 0000 0000 001E,-0.313738220175625,0.5625,-0.0508352503660209,2016-02-07 16:21:39:270
0000 0000 0000 0000 0000 001E,-0.0294784623279389,1.1875,-0.00477641841662527,2016-02-07 16:21:39:287
0000 0000 0000 0000 0000 001E,-0.367989553676101,1.1875,-0.0596256365664761,2016-02-07 16:21:39:311
0000 0000 0000 0000 0000 001E,-0.876823793490457,-4.5625,-0.142072448310633,2016-02-07 16:21:39:320
0000 0000 0000 0000 0000 001E,-0.808458821010563,-3.3125,-0.132425687307217,2016-02-07 16:21:39:382
0000 0000 0000 0000 0000 001E,-0.50326599500116,13.0625,-0.0824350524162424,2016-02-07 16:21:39:420
0000 0000 0000 0000 0000 001E,-3.64977591613087,-7.875,-0.59783389289613,2016-02-07 16:21:39:547
0000 0000 0000 0000 0000 001E,1.1479217005159,-8.5,0.189062042357821,2016-02-07 16:21:39:636
0000 0000 0000 0000 0000 001E,-0.530210278851584,-5.1875,-0.0873253272882103,2016-02-07 16:21:39:659
0000 0000 0000 0000 0000 001E,-0.473917892339852,-12.5,-0.0780540036793608,2016-02-07 16:21:39:699
0000 0000 0000 0000 0000 001E,-0.442796236586226,0.5625,-0.0729282849167543,2016-02-07 16:21:39:719
0000 0000 0000 0000 0000 001E,-0.249056526438513,0.5625,-0.0410194663362909,2016-02-07 16:21:39:760
0000 0000 0000 0000 0000 001E,-0.718997170684505,0,-0.11757925931063,2016-02-07 16:21:40:033
0000 0000 0000 0000 0000 001E,0.219087921209674,11.5625,0.0358279511381315,2016-02-07 16:21:40:056
0000 0000 0000 0000 0000 001E,-0.786493288590605,-26.5,-0.128617054552838,2016-02-07 16:21:40:101
0000 0000 0000 0000 0000 001E,0.294811320754718,5.1875,0.0476912354955057,2016-02-07 16:21:40:669
0000 0000 0000 0000 0000 001E,0.562136000406325,-13.6875,0.0909359935949838,2016-02-07 16:21:40:698
0000 0000 0000 0000 0000 001E,-0.374654033760825,12.5,-0.0606072850516298,2016-02-07 16:21:40:716
0000 0000 0000 0000 0000 001E,0.0895107699358395,-5.1875,0.0148237543366005,2016-02-07 16:21:40:851
0000 0000 0000 0000 0000 001E,-0.327485747820256,1.8125,-0.0542344600309561,2016-02-07 16:21:40:870
0000 0000 0000 0000 0000 001E,0.283554732868757,-5.75,0.0469591056365593,2016-02-07 16:21:40:920
0000 0000 0000 0000 0000 001E,0.821446095611945,5.1875,0.136188907810767,2016-02-07 16:21:41:138
0000 0000 0000 0000 0000 001E,0.628327051011241,5.75,0.104171381764782,2016-02-07 16:21:41:179
0000 0000 0000 0000 0000 001E,2.03464650322939,9.125,0.331826013030072,2016-02-07 16:21:41:219
0000 0000 0000 0000 0000 001E,2.63490725126476,14.3125,0.429721215210343,2016-02-07 16:21:41:292
0000 0000 0000 0000 0000 001E,1.49423027881673,-3.9375,0.245290880243512,2016-02-07 16:21:41:476
0000 0000 0000 0000 0000 001E,1.45640516711992,5.75,0.23908155958193,2016-02-07 16:21:41:510
0000 0000 0000 0000 0000 001E,0.0379188669721193,1.1875,0.00619758109051256,2016-02-07 16:21:41:640
0000 0000 0000 0000 0000 001E,0.280138410786002,7.875,0.045786719278562,2016-02-07 16:21:41:677
0000 0000 0000 0000 0000 001E,3.04583890286733,-1.8125,0.497821667589321,2016-02-07 16:21:41:750
0000 0000 0000 0000 0000 001E,0.0495214249492899,-3.3125,0.00817860032193062,2016-02-07 16:21:42:539
0000 0000 0000 0000 0000 001E,-1.42887857231804,8.5,-0.235983248937744,2016-02-07 16:21:42:555
0000 0000 0000 0000 0000 001E,-0.918566718922907,-3.9375,-0.151703834669349,2016-02-07 16:21:42:582
0000 0000 0000 0000 0000 001E,0.478570892219166,2.6875,0.0777531912622528,2016-02-07 16:21:42:784
0000 0000 0000 0000 0000 001E,0.888449240072782,0,0.144345936648705,2016-02-07 16:21:42:802
0000 0000 0000 0000 0000 001E,0.315359257265877,2.6875,0.0518256790905304,2016-02-07 16:21:42:838
0000 0000 0000 0000 0000 001E,0.285556518651573,0,0.046927940616528,2016-02-07 16:21:42:862
0000 0000 0000 0000 0000 001E,0.239980955111403,-1.8125,0.0394381191637473,2016-02-07 16:21:42:880
0000 0000 0000 0000 0000 001E,-0.0527671961960342,3.3125,-0.00867168384487005,2016-02-07 16:21:42:899
0000 0000 0000 0000 0000 001E,0.0226801639648849,-0.5625,0.00372722497368692,2016-02-07 16:21:42:920
0000 0000 0000 0000 0000 001E,-0.417805772324332,1.1875,-0.0686615895356338,2016-02-07 16:21:42:950
0000 0000 0000 0000 0000 001E,-0.621874531765059,1.1875,-0.102197950988506,2016-02-07 16:21:42:963
0000 0000 0000 0000 0000 001E,-0.727995661378817,0.5625,-0.119637742215089,2016-02-07 16:21:42:980
0000 0000 0000 0000 0000 001E,-0.85920188673097,1.1875,-0.142606122278999,2016-02-07 16:21:43:058
0000 0000 0000 0000 0000 001E,-1.94127301736765,-9.125,-0.322202990434465,2016-02-07 16:21:43:169
0000 0000 0000 0000 0000 001E,-2.01938754061854,-5.1875,-0.335168056534197,2016-02-07 16:21:43:213
0000 0000 0000 0000 0000 001E,-0.375799701765357,-3.9375,-0.0612217814442613,2016-02-07 16:21:43:277
0000 0000 0000 0000 0000 001E,-0.692204777431244,-6.375,-0.112767544517716,2016-02-07 16:21:43:298
0000 0000 0000 0000 0000 001E,-0.940460935073002,-3.3125,-0.15321112165186,2016-02-07 16:21:43:314
0000 0000 0000 0000 0000 001E,-2.16024684944363,31.125,-0.351927263010094,2016-02-07 16:21:43:362
0000 0000 0000 0000 0000 001E,-0.987757080242751,4.25,-0.160916168380573,2016-02-07 16:21:43:380
0000 0000 0000 0000 0000 001E,-1.61950663349917,-18.25,-0.268352383347004,2016-02-07 16:21:43:498
0000 0000 0000 0000 0000 001E,-1.8778406607814,-10.375,-0.310472415670664,2016-02-07 16:21:43:661
0000 0000 0000 0000 0000 001E,-2.1288858126962,-0.5625,-0.351978916400584,2016-02-07 16:21:43:684
0000 0000 0000 0000 0000 001E,-1.84776318438003,0.5625,-0.305499562035828,2016-02-07 16:21:43:709
0000 0000 0000 0000 0000 001E,-0.904367069278059,12.5,-0.146377189524369,2016-02-07 16:21:43:994
0000 0000 0000 0000 0000 001E,-1.35425145458383,0,-0.222799800589607,2016-02-07 16:21:44:222
0000 0000 0000 0000 0000 001E,-1.0583175291249,10.375,-0.174880340808301,2016-02-07 16:21:44:288
0000 0000 0000 0000 0000 001E,-0.266057076692549,-0.5625,-0.0431560546135522,2016-02-07 16:21:44:535
0000 0000 0000 0000 0000 001E,-0.661366329928323,-2.6875,-0.10727758798513,2016-02-07 16:21:44:553
0000 0000 0000 0000 0000 001E,-0.970221410069899,2.6875,-0.157375735615555,2016-02-07 16:21:44:625
0000 0000 0000 0000 0000 001E,-0.993884486769409,3.9375,-0.16112690950058,2016-02-07 16:21:44:660
0000 0000 0000 0000 0000 001E,-2.7315984105568,-14.9375,-0.442842217328851,2016-02-07 16:21:44:767
0000 0000 0000 0000 0000 001E,-1.27339300920751,3.9375,-0.21158565647314,2016-02-07 16:21:44:871
0000 0000 0000 0000 0000 001E,-0.693800323650141,-5.75,-0.115281139349234,2016-02-07 16:21:44:890
0000 0000 0000 0000 0000 001E,-0.776005274695164,-3.9375,-0.128940228417917,2016-02-07 16:21:44:926
0000 0000 0000 0000 0000 001E,-0.564518071460032,-5.1875,-0.0937997349421266,2016-02-07 16:21:44:945
0000 0000 0000 0000 0000 001E,-1.3357904434282,10.9375,-0.221953549171121,2016-02-07 16:21:44:969
0000 0000 0000 0000 0000 001E,-0.559266809697914,-10.9375,-0.091259202017609,2016-02-07 16:21:45:436
0000 0000 0000 0000 0000 001E,0.155801292278238,0,0.0253541565953195,2016-02-07 16:21:45:702
0000 0000 0000 0000 0000 001E,-0.191370272388791,1.1875,-0.0311424365156698,2016-02-07 16:21:45:738
0000 0000 0000 0000 0000 001E,0.042224251988931,1.1875,0.00687131846849976,2016-02-07 16:21:45:772
0000 0000 0000 0000 0000 001E,0.462475137336617,-2.6875,0.0752603966373665,2016-02-07 16:21:45:799
0000 0000 0000 0000 0000 001E,0.317328001299775,-1.1875,0.0516400327583036,2016-02-07 16:21:45:816
0000 0000 0000 0000 0000 001E,0.570501997943637,13.0625,0.092840032212146,2016-02-07 16:21:45:837
0000 0000 0000 0000 0000 001E,0.790099110032363,4.5625,0.128575933284355,2016-02-07 16:21:45:853
0000 0000 0000 0000 0000 001E,-0.71700624082232,1.1875,-0.119071061304565,2016-02-07 16:21:45:901
0000 0000 0000 0000 0000 001E,-0.664659807613776,-1.1875,-0.110378047209595,2016-02-07 16:21:45:923
0000 0000 0000 0000 0000 001E,-0.310237551832531,1.1875,-0.0515202134236143,2016-02-07 16:21:45:953
0000 0000 0000 0000 0000 001E,-0.326784399678758,1.1875,-0.0542680984797273,2016-02-07 16:21:45:976
0000 0000 0000 0000 0000 001E,-0.166509401060235,2.6875,-0.0276517134337506,2016-02-07 16:21:46:008
0000 0000 0000 0000 0000 001E,-0.11209395087236,16.75,-0.018615103936733,2016-02-07 16:21:46:021
0000 0000 0000 0000 0000 001E,-0.0145568747577736,11.5625,-0.00241741623433826,2016-02-07 16:21:46:054
0000 0000 0000 0000 0000 001E,0.536101504172157,-4.5625,0.0868180573558148,2016-02-07 16:21:46:996
0000 0000 0000 0000 0000 001E,0.477661248247301,1.8125,0.0773540482991581,2016-02-07 16:21:47:043
0000 0000 0000 0000 0000 001E,0.503865077025136,-5.75,0.0815975833239086,2016-02-07 16:21:47:057
0000 0000 0000 0000 0000 001E,0.237826335784912,-0.5625,0.038514386361929,2016-02-07 16:21:47:077
0000 0000 0000 0000 0000 001E,0.119731800766284,14.9375,0.0196657762003203,2016-02-07 16:21:47:146
0000 0000 0000 0000 0000 001E,0.76498852954342,-12.5,0.125648266555174,2016-02-07 16:21:47:168
0000 0000 0000 0000 0000 001E,-0.344008082508122,-10.375,-0.0569392688289305,2016-02-07 16:21:47:561
0000 0000 0000 0000 0000 001E,0.0969389021242803,0.5625,0.0160450596619498,2016-02-07 16:21:47:576
0000 0000 0000 0000 0000 001E,-0.138490930304515,1.8125,-0.0229226367400576,2016-02-07 16:21:47:615
0000 0000 0000 0000 0000 001E,0.557583480679265,5.1875,0.0922896795607059,2016-02-07 16:21:47:642
0000 0000 0000 0000 0000 001E,0.306324498117942,14.9375,0.0507019858953835,2016-02-07 16:21:47:664
0000 0000 0000 0000 0000 001E,2.0441285407492,9.125,0.336113215798717,2016-02-07 16:21:47:794
0000 0000 0000 0000 0000 001E,1.87800480769231,2.6875,0.308797721188103,2016-02-07 16:21:47:862
0000 0000 0000 0000 0000 001E,1.82009276516435,7,0.299275324499482,2016-02-07 16:21:47:891
0000 0000 0000 0000 0000 001E,1.84217352053465,4.5625,0.299135077759348,2016-02-07 16:21:48:048
0000 0000 0000 0000 0000 001E,1.92175573467441,3.3125,0.31205776476445,2016-02-07 16:21:48:073
0000 0000 0000 0000 0000 001E,2.05873023618973,2.6875,0.334299903034869,2016-02-07 16:21:48:098
0000 0000 0000 0000 0000 001E,3.27153080963085,1.1875,0.534418319024914,2016-02-07 16:21:48:185
0000 0000 0000 0000 0000 001E,-0.661653572033511,6.375,-0.108083894151949,2016-02-07 16:21:48:262
0000 0000 0000 0000 0000 001E,2.09380437822385,10.375,0.342031752500493,2016-02-07 16:21:48:278
0000 0000 0000 0000 0000 001E,2.4012994402009,-2.6875,0.390349407781235,2016-02-07 16:21:48:335
0000 0000 0000 0000 0000 001E,1.88688539177302,16.125,0.306727508822491,2016-02-07 16:21:48:355
0000 0000 0000 0000 0000 001E,-0.155701929209184,24.6875,-0.0254900839087341,2016-02-07 16:21:48:666
0000 0000 0000 0000 0000 001E,0.838743671458277,5.75,0.137311378683483,2016-02-07 16:21:48:710
0000 0000 0000 0000 0000 001E,1.1424753022228,20.125,0.185416603011545,2016-02-07 16:21:48:749
0000 0000 0000 0000 0000 001E,2.3176685037709,-4.5625,0.376143116652025,2016-02-07 16:21:48:768
0000 0000 0000 0000 0000 001E,1.68481777010999,1.8125,0.273435396826073,2016-02-07 16:21:48:786
0000 0000 0000 0000 0000 001E,1.98097518047849,10.9375,0.321499894045739,2016-02-07 16:21:48:803
0000 0000 0000 0000 0000 001E,2.18844746902188,0,0.355171350125272,2016-02-07 16:21:48:822
0000 0000 0000 0000 0000 001E,1.51609265244834,3.9375,0.246052364476333,2016-02-07 16:21:48:859
0000 0000 0000 0000 0000 001E,1.54641726049089,1.1875,0.250973858884105,2016-02-07 16:21:48:866
0000 0000 0000 0000 0000 001E,1.79138823375262,2.6875,0.290731117190038,2016-02-07 16:21:48:887
0000 0000 0000 0000 0000 001E,1.74364310550056,9.125,0.282982381201065,2016-02-07 16:21:48:903
0000 0000 0000 0000 0000 001E,0.728315993586158,17.6875,0.11942869531339,2016-02-07 16:21:48:954
0000 0000 0000 0000 0000 001E,0.627570528886318,4.5625,0.10290853165668,2016-02-07 16:21:48:985
0000 0000 0000 0000 0000 001E,0.859650088028169,-3.3125,0.140964758900492,2016-02-07 16:21:49:013
0000 0000 0000 0000 0000 001E,4.38706634653077,-0.5625,0.719387758381652,2016-02-07 16:21:49:076
0000 0000 0000 0000 0000 001E,0.612242310812801,-0.5625,0.10094679485784,2016-02-07 16:21:49:144
0000 0000 0000 0000 0000 001E,0.231026475090454,5.75,0.0380917518698193,2016-02-07 16:21:49:180
0000 0000 0000 0000 0000 001E,0.577961629512725,-3.3125,0.0952945802988829,2016-02-07 16:21:49:195
0000 0000 0000 0000 0000 001E,0.484820633752183,0.5625,0.0799374499179197,2016-02-07 16:21:49:224
0000 0000 0000 0000 0000 001E,0.315864407171242,1.8125,0.0520798692780283,2016-02-07 16:21:49:257
0000 0000 0000 0000 0000 001E,-0.135373872114124,3.3125,-0.0223205065315951,2016-02-07 16:21:49:296
0000 0000 0000 0000 0000 001E,-0.372686363058138,3.3125,-0.0614486995973847,2016-02-07 16:21:49:304
0000 0000 0000 0000 0000 001E,-0.108869843924191,2.6875,-0.0176402663663285,2016-02-07 16:21:49:362
0000 0000 0000 0000 0000 001E,-0.40477066972077,-0.5625,-0.0655853097036085,2016-02-07 16:21:49:385
0000 0000 0000 0000 0000 001E,-0.511149640435118,0.5625,-0.0828219779262951,2016-02-07 16:21:49:407
0000 0000 0000 0000 0000 001E,-1.14979886185243,-2.6875,-0.186302813154593,2016-02-07 16:21:49:470
0000 0000 0000 0000 0000 001E,-0.846351345495515,3.9375,-0.138632489024654,2016-02-07 16:21:49:553
0000 0000 0000 0000 0000 001E,-0.731051154086089,-1.8125,-0.1197462987856,2016-02-07 16:21:49:585
0000 0000 0000 0000 0000 001E,-0.730071955891973,-1.8125,-0.119585905961011,2016-02-07 16:21:49:596
0000 0000 0000 0000 0000 001E,-1.68477739972205,-3.9375,-0.275966814041286,2016-02-07 16:21:49:699
0000 0000 0000 0000 0000 001E,-1.62360153787538,-4.5625,-0.267406237366244,2016-02-07 16:21:49:800
0000 0000 0000 0000 0000 001E,-1.73054968647765,-0.5625,-0.285020535790993,2016-02-07 16:21:49:815
0000 0000 0000 0000 0000 001E,-1.81128727350549,5.1875,-0.29831796983346,2016-02-07 16:21:49:867
0000 0000 0000 0000 0000 001E,-1.97178655128899,-7,-0.324752108364917,2016-02-07 16:21:49:925
0000 0000 0000 0000 0000 001E,-2.60153044914487,-3.9375,-0.426363908627949,2016-02-07 16:21:49:993
0000 0000 0000 0000 0000 001E,-1.28732204060111,5.75,-0.210978755629791,2016-02-07 16:21:50:094
0000 0000 0000 0000 0000 001E,-1.64063140246401,22.875,-0.268882502452446,2016-02-07 16:21:50:131
0000 0000 0000 0000 0000 001E,-2.53881379987266,0.5625,-0.415178053944835,2016-02-07 16:21:50:201
0000 0000 0000 0000 0000 001E,-1.54785593687548,1.8125,-0.253124437755597,2016-02-07 16:21:50:216
0000 0000 0000 0000 0000 001E,-1.35979481270837,1.1875,-0.221404854172327,2016-02-07 16:21:50:522
0000 0000 0000 0000 0000 001E,-0.120544069045154,3.3125,-0.019897232854771,2016-02-07 16:21:50:670
0000 0000 0000 0000 0000 001E,-0.840390716161027,9.75,-0.138716486849138,2016-02-07 16:21:50:705
0000 0000 0000 0000 0000 001E,-0.458241006256521,1.1875,-0.0741290384885179,2016-02-07 16:21:50:767
0000 0000 0000 0000 0000 001E,0.122321751656183,-14.3125,0.0197878271754408,2016-02-07 16:21:50:803
0000 0000 0000 0000 0000 001E,-1.59650556861143,14.3125,-0.258264583760274,2016-02-07 16:21:50:823
0000 0000 0000 0000 0000 001E,-0.41364743434588,6.375,-0.0669151956342755,2016-02-07 16:21:50:839
0000 0000 0000 0000 0000 001E,-1.04747178566432,-3.3125,-0.173470348164116,2016-02-07 16:21:51:059
0000 0000 0000 0000 0000 001E,-0.884247102499094,0.5625,-0.14643893499847,2016-02-07 16:21:51:084
0000 0000 0000 0000 0000 001E,-1.09967870257038,0,-0.182116263191341,2016-02-07 16:21:51:104
0000 0000 0000 0000 0000 001E,-1.44402688715156,6.375,-0.239143287963272,2016-02-07 16:21:51:138
0000 0000 0000 0000 0000 001E,-2.78548174039091,-3.9375,-0.461809628138863,2016-02-07 16:21:51:220
0000 0000 0000 0000 0000 001E,-2.6128762541806,-9.75,-0.433193078891506,2016-02-07 16:21:51:263
0000 0000 0000 0000 0000 001E,-1.75884074535883,3.3125,-0.286845459966104,2016-02-07 16:21:51:378
0000 0000 0000 0000 0000 001E,-1.65177168153515,-7,-0.269383802370505,2016-02-07 16:21:51:411
0000 0000 0000 0000 0000 001E,-1.62249630791951,4.5625,-0.264609346222263,2016-02-07 16:21:51:476
0000 0000 0000 0000 0000 001E,-1.22259373386681,-10.375,-0.19939011696659,2016-02-07 16:21:51:515
0000 0000 0000 0000 0000 001E,0.323859294344954,1.1875,0.05293260054671,2016-02-07 16:21:51:929
0000 0000 0000 0000 0000 001E,0.450213220981457,-3.3125,0.0735842910893147,2016-02-07 16:21:51:948
0000 0000 0000 0000 0000 001E,-0.58069831079593,5.75,-0.0955881993079721,2016-02-07 16:21:52:010
0000 0000 0000 0000 0000 001E,-0.19518237841439,17.6875,-0.0321287865702699,2016-02-07 16:21:52:025
0000 0000 0000 0000 0000 001E,-0.363670591456736,-5.1875,-0.0598634718447303,2016-02-07 16:21:52:047
0000 0000 0000 0000 0000 001E,-0.392365676820805,-2.6875,-0.0645869426865523,2016-02-07 16:21:52:075
0000 0000 0000 0000 0000 001E,-0.771637600180607,-4.5625,-0.127018535009153,2016-02-07 16:21:52:093
0000 0000 0000 0000 0000 001E,-1.5574449785838,1.1875,-0.256369543799802,2016-02-07 16:21:52:103
0000 0000 0000 0000 0000 001E,0,-10.9375,0,2016-02-07 16:21:52:126
0000 0000 0000 0000 0000 001E,-1.22156840261852,3,-0.201081218538028,2016-02-07 16:21:52:150
0000 0000 0000 0000 0000 001E,-0.906375079761004,-28.625,-0.148707970428385,2016-02-07 16:21:52:201
0000 0000 0000 0000 0000 001E,-1.36478679070551,15.5625,-0.223919079689173,2016-02-07 16:21:52:230
0000 0000 0000 0000 0000 001E,-0.881148575853478,13.6875,-0.144569085455862,2016-02-07 16:21:52:359
0000 0000 0000 0000 0000 001E,0.217069017528262,7.875,0.0358495487247335,2016-02-07 16:21:52:626
0000 0000 0000 0000 0000 001E,0.177041787527187,11.5625,0.029238940962376,2016-02-07 16:21:52:631
0000 0000 0000 0000 0000 001E,-0.553242894011666,7.875,-0.0909191280216378,2016-02-07 16:21:53:089
0000 0000 0000 0000 0000 001E,-0.962921117502054,12.5,-0.15824504806936,2016-02-07 16:21:53:113
0000 0000 0000 0000 0000 001E,-0.131849122412241,9.75,-0.0218836717696666,2016-02-07 16:21:53:206
0000 0000 0000 0000 0000 001E,0.368553887211559,-5.1875,0.0611707696616696,2016-02-07 16:21:53:234
0000 0000 0000 0000 0000 001E,0.227327158614762,1.8125,0.0377306487327406,2016-02-07 16:21:53:262
0000 0000 0000 0000 0000 001E,0.280453220207771,-0.5625,0.0465482523166426,2016-02-07 16:21:53:302
0000 0000 0000 0000 0000 001E,0.701614004080812,22.875,0.116450457108848,2016-02-07 16:21:53:336
0000 0000 0000 0000 0000 001E,2.26696519908719,-0.5625,0.376259784080861,2016-02-07 16:21:53:349
0000 0000 0000 0000 0000 001E,0,-4.5625,0,2016-02-07 16:21:53:696
0000 0000 0000 0000 0000 001E,-0.0993329908861602,10.9375,-0.0164594848195792,2016-02-07 16:21:53:721
0000 0000 0000 0000 0000 001E,0.555568536458504,1.8125,0.0920577525200503,2016-02-07 16:21:53:751
0000 0000 0000 0000 0000 001E,1.05400926794932,-2.6875,0.174264414651307,2016-02-07 16:21:53:842
0000 0000 0000 0000 0000 001E,0.967386151364204,5.1875,0.159942598737537,2016-02-07 16:21:53:860
0000 0000 0000 0000 0000 001E,1.56152235122358,0.5625,0.258173990282212,2016-02-07 16:21:53:888
0000 0000 0000 0000 0000 001E,1.8075149578168,17.6875,0.298845129426862,2016-02-07 16:21:53:945
0000 0000 0000 0000 0000 001E,4.19006966382196,9.125,0.692764342323829,2016-02-07 16:21:53:967
0000 0000 0000 0000 0000 001E,2.36799830261881,16.75,0.389580197853383,2016-02-07 16:21:54:219
0000 0000 0000 0000 0000 001E,3.15170780540282,-3.9375,0.518515131132902,2016-02-07 16:21:54:245
0000 0000 0000 0000 0000 001E,2.84145290964778,-20.75,0.46747237339969,2016-02-07 16:21:54:294
0000 0000 0000 0000 0000 001E,1.2468003679968,22.875,0.206025948994238,2016-02-07 16:21:54:437
0000 0000 0000 0000 0000 001E,2.1013510717537,14.9375,0.340851755353399,2016-02-07 16:21:54:686
0000 0000 0000 0000 0000 001E,0.889502447910737,5.75,0.144282635508635,2016-02-07 16:21:54:735
0000 0000 0000 0000 0000 001E,-0.95929518664048,9.75,-0.155519349360791,2016-02-07 16:21:54:826
0000 0000 0000 0000 0000 001E,0.97937648313464,-9.75,0.162732176649345,2016-02-07 16:21:55:155
0000 0000 0000 0000 0000 001E,1.66986092507623,0.5625,0.272482065555001,2016-02-07 16:21:55:481
0000 0000 0000 0000 0000 001E,1.65480381558958,-7.875,0.27002509908995,2016-02-07 16:21:55:506
0000 0000 0000 0000 0000 001E,1.07232431038499,3.9375,0.174978130604023,2016-02-07 16:21:55:536
0000 0000 0000 0000 0000 001E,1.0949160856312,5.1875,0.178664577475855,2016-02-07 16:21:55:590
0000 0000 0000 0000 0000 001E,1.62499868354537,3.3125,0.265161601883933,2016-02-07 16:21:55:614
0000 0000 0000 0000 0000 001E,-0.0476744044132021,0,-0.00785625999668258,2016-02-07 16:21:55:660
0000 0000 0000 0000 0000 001E,-0.0920937853640133,0,-0.0151761250256545,2016-02-07 16:21:55:682
0000 0000 0000 0000 0000 001E,0.0988852524229714,-10.375,0.0162952901548429,2016-02-07 16:21:55:716
0000 0000 0000 0000 0000 001E,0.187404049126846,1.8125,0.0308822931821225,2016-02-07 16:21:55:737
0000 0000 0000 0000 0000 001E,0.0519945958896821,2.6875,0.00856818388734118,2016-02-07 16:21:55:765
0000 0000 0000 0000 0000 001E,0.15120577533483,-1.1875,0.0249171835212573,2016-02-07 16:21:55:791
0000 0000 0000 0000 0000 001E,0.229714551185548,5.75,0.037854636284353,2016-02-07 16:21:55:812
0000 0000 0000 0000 0000 001E,-1.59660041443291,-1.8125,-0.265142609648421,2016-02-07 16:21:56:067
0000 0000 0000 0000 0000 001E,-1.63820899786055,-3.9375,-0.272052421454837,2016-02-07 16:21:56:088
0000 0000 0000 0000 0000 001E,-1.43005805218516,-5.75,-0.237485422449791,2016-02-07 16:21:56:149
0000 0000 0000 0000 0000 001E,-1.0554616880018,0,-0.175277335400243,2016-02-07 16:21:56:185
0000 0000 0000 0000 0000 001E,-1.32976208487783,4.5625,-0.220829574017907,2016-02-07 16:21:56:198
0000 0000 0000 0000 0000 001E,-0.57348709516399,4.5625,-0.0952372701628547,2016-02-07 16:21:56:232
0000 0000 0000 0000 0000 001E,-1.07295844959888,7,-0.174891352827854,2016-02-07 16:21:56:340
0000 0000 0000 0000 0000 001E,-0.629676522952555,0.5625,-0.102636760057466,2016-02-07 16:21:56:392
0000 0000 0000 0000 0000 001E,-1.94950449165835,-3.9375,-0.323390294441529,2016-02-07 16:21:56:495
0000 0000 0000 0000 0000 001E,0.103873715090454,3.9375,0.0172309176262849,2016-02-07 16:21:56:613
0000 0000 0000 0000 0000 001E,-1.21127250336665,5.75,-0.199824993681602,2016-02-07 16:21:56:714
0000 0000 0000 0000 0000 001E,-0.581218009760745,9.125,-0.0958841918769445,2016-02-07 16:21:56:731
0000 0000 0000 0000 0000 001E,-1.10138627819548,14.9375,-0.180901113308867,2016-02-07 16:21:57:268
0000 0000 0000 0000 0000 001E,-0.480591781496064,6.375,-0.078936509416271,2016-02-07 16:21:57:308
0000 0000 0000 0000 0000 001E,-0.796172548334499,-19.5,-0.130770196824719,2016-02-07 16:21:57:321
0000 0000 0000 0000 0000 001E,-0.912550426201111,3.3125,-0.149312859482047,2016-02-07 16:21:57:532
0000 0000 0000 0000 0000 001E,-2.20296321691713,-6.375,-0.360452121666289,2016-02-07 16:21:57:644
0000 0000 0000 0000 0000 001E,-2.76756193625061,2.6875,-0.458079217034583,2016-02-07 16:21:57:708
0000 0000 0000 0000 0000 001E,-2.08429086894045,-9.75,-0.344986074859109,2016-02-07 16:21:57:749
0000 0000 0000 0000 0000 001E,-2.6272484358707,-13.0625,-0.434854913523426,2016-02-07 16:21:57:804
0000 0000 0000 0000 0000 001E,-2.78545079073708,17.6875,-0.46104013088062,2016-02-07 16:21:57:821
0000 0000 0000 0000 0000 001E,-1.60568184377675,3.3125,-0.265768029314772,2016-02-07 16:21:57:844
0000 0000 0000 0000 0000 001E,-1.58642755804886,-1.8125,-0.260854079153006,2016-02-07 16:21:57:902
0000 0000 0000 0000 0000 001E,-1.28433614299378,0,-0.211181607507884,2016-02-07 16:21:57:922
0000 0000 0000 0000 0000 001E,-1.60176239994751,1.8125,-0.263375565899838,2016-02-07 16:21:57:945
0000 0000 0000 0000 0000 001E,-1.31989202574034,6.375,-0.217028011905783,2016-02-07 16:21:57:970
0000 0000 0000 0000 0000 001E,-1.29218760602565,1.8125,-0.212472612665221,2016-02-07 16:21:57:985
0000 0000 0000 0000 0000 001E,-1.61763690894489,4.5625,-0.265985789357887,2016-02-07 16:21:58:005
0000 0000 0000 0000 0000 001E,-2.18148972975918,-11.5625,-0.356355523510893,2016-02-07 16:21:58:376
0000 0000 0000 0000 0000 001E,-1.90181333053307,-3.9375,-0.310669207274664,2016-02-07 16:21:58:415
0000 0000 0000 0000 0000 001E,-0.981419695782517,-5.75,-0.160319035521239,2016-02-07 16:21:58:445
0000 0000 0000 0000 0000 001E,0.216573865796473,-7.875,0.0352057218850945,2016-02-07 16:21:58:530
0000 0000 0000 0000 0000 001E,-0.35384530772814,-1.8125,-0.0575202342554549,2016-02-07 16:21:58:549
0000 0000 0000 0000 0000 001E,-0.041151342126334,2.6875,-0.00668946228008681,2016-02-07 16:21:58:573
0000 0000 0000 0000 0000 001E,-0.137135642352753,0.5625,-0.0222924371204691,2016-02-07 16:21:58:598
0000 0000 0000 0000 0000 001E,-0.0202178481222302,-3.3125,-0.00328656431138935,2016-02-07 16:21:58:622
0000 0000 0000 0000 0000 001E,-0.697835407610314,-2.6875,-0.113254326363589,2016-02-07 16:21:58:908
0000 0000 0000 0000 0000 001E,-0.347319251092368,-3.3125,-0.0563677442941361,2016-02-07 16:21:58:928
0000 0000 0000 0000 0000 001E,-0.289437611144043,-2.6875,-0.0469739157929201,2016-02-07 16:21:58:958
0000 0000 0000 0000 0000 001E,0.863509216433138,3.3125,0.14014215035431,2016-02-07 16:21:59:058
0000 0000 0000 0000 0000 001E,0.0355191132610751,0.5625,0.0057551898343627,2016-02-07 16:21:59:632
0000 0000 0000 0000 0000 001E,0.388592363024183,-2.6875,0.0636514927148539,2016-02-07 16:21:59:726
0000 0000 0000 0000 0000 001E,0.535983809001097,-5.75,0.0877942357086154,2016-02-07 16:21:59:757
0000 0000 0000 0000 0000 001E,-0.32888274584643,-13.0625,-0.0538710476406929,2016-02-07 16:21:59:784
0000 0000 0000 0000 0000 001E,-0.0510274062075456,20.75,-0.00840418438773741,2016-02-07 16:22:00:054
0000 0000 0000 0000 0000 001E,1.0239893763797,5.75,0.168650460013126,2016-02-07 16:22:00:063
0000 0000 0000 0000 0000 001E,-1.48818312625261,11.5625,-0.243897808181253,2016-02-07 16:22:00:295
0000 0000 0000 0000 0000 001E,1.37457002214139,11.5625,0.224786593972427,2016-02-07 16:22:00:363
0000 0000 0000 0000 0000 001E,1.61760646007316,-3.9375,0.264530901074924,2016-02-07 16:22:00:392
0000 0000 0000 0000 0000 001E,0.652696871805625,1.8125,0.106273574785176,2016-02-07 16:22:00:583
0000 0000 0000 0000 0000 001E,0.830474487823735,0.5625,0.135219726647012,2016-02-07 16:22:00:596
0000 0000 0000 0000 0000 001E,1.11551961503052,-0.5625,0.181631416287194,2016-02-07 16:22:00:625
0000 0000 0000 0000 0000 001E,1.71556913299576,-4.5625,0.279332830338523,2016-02-07 16:22:00:644
0000 0000 0000 0000 0000 001E,-0.078915963427727,-5.1875,-0.0130260187225959,2016-02-07 16:22:00:818
0000 0000 0000 0000 0000 001E,1.12603085677044,0.5625,0.185864790663622,2016-02-07 16:22:00:838
0000 0000 0000 0000 0000 001E,1.25355848861284,-0.5625,0.202786490473902,2016-02-07 16:22:01:024
0000 0000 0000 0000 0000 001E,-0.382405824152875,6.375,-0.0623657228844047,2016-02-07 16:22:01:545
0000 0000 0000 0000 0000 001E,-0.306858271202902,0.5625,-0.050044839011074,2016-02-07 16:22:01:580
0000 0000 0000 0000 0000 001E,-0.124049942837786,5.1875,-0.0202310317213024,2016-02-07 16:22:01:604
0000 0000 0000 0000 0000 001E,-0.272706646188216,1.1875,-0.0444751257713861,2016-02-07 16:22:01:632
0000 0000 0000 0000 0000 001E,-0.0704107934676806,4.5625,-0.0114831410928536,2016-02-07 16:22:01:703
0000 0000 0000 0000 0000 001E,-0.307538855544439,14.9375,-0.050485174644778,2016-02-07 16:22:01:762
0000 0000 0000 0000 0000 001E,-0.0249084961485513,6.375,-0.00408894601617805,2016-02-07 16:22:01:782
0000 0000 0000 0000 0000 001E,-0.521477403670498,-2.6875,-0.0856050457461829,2016-02-07 16:22:01:818
0000 0000 0000 0000 0000 001E,-0.651724425588713,-5.75,-0.106986225814837,2016-02-07 16:22:01:839
0000 0000 0000 0000 0000 001E,-0.583490175492504,-9.75,-0.0957849809290021,2016-02-07 16:22:01:868
0000 0000 0000 0000 0000 001E,-0.889077294246178,-5.1875,-0.145949761025364,2016-02-07 16:22:01:893
0000 0000 0000 0000 0000 001E,-0.91244476010101,1.1875,-0.149785733532313,2016-02-07 16:22:01:912
0000 0000 0000 0000 0000 001E,-0.667740115784355,-5.1875,-0.109137583620434,2016-02-07 16:22:02:039
0000 0000 0000 0000 0000 001E,-0.604478504304766,-8.5,-0.0987979031824734,2016-02-07 16:22:02:057
0000 0000 0000 0000 0000 001E,-0.722627959884124,-7,-0.118108628692584,2016-02-07 16:22:02:089
0000 0000 0000 0000 0000 001E,-0.676950404890191,-9.125,-0.110642942776931,2016-02-07 16:22:02:121
0000 0000 0000 0000 0000 001E,-0.288497045790247,-13.6875,-0.0474892256444851,2016-02-07 16:22:02:177
0000 0000 0000 0000 0000 001E,-0.658532473553337,-1.1875,-0.108400407169274,2016-02-07 16:22:02:222
0000 0000 0000 0000 0000 001E,-0.566524590692278,-5.1875,-0.0932550766571652,2016-02-07 16:22:02:246
0000 0000 0000 0000 0000 001E,-0.187173142215649,3.3125,-0.0308103937803538,2016-02-07 16:22:02:264
0000 0000 0000 0000 0000 001E,-0.339331630702943,1.1875,-0.0558570585519248,2016-02-07 16:22:02:293
0000 0000 0000 0000 0000 001E,0.169711517573966,-8.5,0.02793605227555,2016-02-07 16:22:02:316
0000 0000 0000 0000 0000 001E,-1.83979370761115,12.5,-0.301852946285669,2016-02-07 16:22:02:358
0000 0000 0000 0000 0000 001E,0.335997049015456,-14.9375,0.0551266692396155,2016-02-07 16:22:02:396
0000 0000 0000 0000 0000 001E,-0.949040330417882,2.6875,-0.155708011553385,2016-02-07 16:22:02:404
0000 0000 0000 0000 0000 001E,-0.154979170799445,12.5,-0.0254272634617628,2016-02-07 16:22:02:429
0000 0000 0000 0000 0000 001E,0.156033633361738,1.8125,0.0256002679838783,2016-02-07 16:22:02:457
0000 0000 0000 0000 0000 001E,0.173559686018957,-0.5625,0.028475748321404,2016-02-07 16:22:02:491
0000 0000 0000 0000 0000 001E,0.459102721479315,-8.5,0.0753244826053019,2016-02-07 16:22:02:501
0000 0000 0000 0000 0000 001E,-0.647560160427808,8.5,-0.106946351846046,2016-02-07 16:22:02:800
0000 0000 0000 0000 0000 001E,0.144959402090013,4.5625,0.0239404462576404,2016-02-07 16:22:02:834
0000 0000 0000 0000 0000 001E,4.81967107276762,3.9375,0.795982010366246,2016-02-07 16:22:02:892
0000 0000 0000 0000 0000 001E,-0.0972284448426921,-0.5625,-0.01579666041311,2016-02-07 16:22:02:970
0000 0000 0000 0000 0000 001E,0.398792265599477,10.9375,0.0647915947359021,2016-02-07 16:22:03:001
0000 0000 0000 0000 0000 001E,-1.66648890784983,20.125,-0.27075368121037,2016-02-07 16:22:03:009
0000 0000 0000 0000 0000 001E,-0.407133179005573,33.8125,-0.0661467390748291,2016-02-07 16:22:03:032
0000 0000 0000 0000 0000 001E,3.79498401368004,0,0.616569295480104,2016-02-07 16:22:03:105
0000 0000 0000 0000 0000 001E,-0.102082549339353,1.8125,-0.0165853045230468,2016-02-07 16:22:03:129
0000 0000 0000 0000 0000 001E,0.346585531763871,-5.1875,0.0569573593695761,2016-02-07 16:22:03:200
0000 0000 0000 0000 0000 001E,-0.0974840282168172,-9.125,-0.0160203826157465,2016-02-07 16:22:03:230
0000 0000 0000 0000 0000 001E,0,0,0,2016-02-07 16:22:03:242
0000 0000 0000 0000 0000 001E,0.136992735470942,-4.5625,0.0225131857799412,2016-02-07 16:22:03:267
0000 0000 0000 0000 0000 001E,-0.057082212999766,-0.5625,-0.00938080739519573,2016-02-07 16:22:03:292
0000 0000 0000 0000 0000 001E,0.44991571033674,6.375,0.074551070478333,2016-02-07 16:22:03:780
0000 0000 0000 0000 0000 001E,0.109403444895673,9.125,0.0181281598832929,2016-02-07 16:22:03:815
0000 0000 0000 0000 0000 001E,-0.296633312304313,3.9375,-0.0491521644249069,2016-02-07 16:22:03:837
0000 0000 0000 0000 0000 001E,0.236620528818488,-13.6875,0.039208041229244,2016-02-07 16:22:03:870
0000 0000 0000 0000 0000 001E,0,-5.75,0,2016-02-07 16:22:03:886
0000 0000 0000 0000 0000 001E,-0.070070496525144,7.875,-0.0116106870795599,2016-02-07 16:22:03:934
0000 0000 0000 0000 0000 001E,-0.378317084194215,3.9375,-0.0626871721945675,2016-02-07 16:22:03:942
0000 0000 0000 0000 0000 001E,0.72577821289732,3.9375,0.119996397833671,2016-02-07 16:22:04:001
0000 0000 0000 0000 0000 001E,-0.189104819137125,14.9375,-0.0312656080138537,2016-02-07 16:22:04:040
0000 0000 0000 0000 0000 001E,0.779928709010616,-2.6875,0.128949359439617,2016-02-07 16:22:04:061
0000 0000 0000 0000 0000 001E,-0.362384037108126,5.75,-0.059914693376929,2016-02-07 16:22:04:100
0000 0000 0000 0000 0000 001E,0.564486994219658,0.5625,0.0933293459718366,2016-02-07 16:22:04:105
0000 0000 0000 0000 0000 001E,-0.10237309012763,12.5,-0.0169258346862987,2016-02-07 16:22:04:144
0000 0000 0000 0000 0000 001E,-0.184007103557435,9.75,-0.0304227782128578,2016-02-07 16:22:04:157
0000 0000 0000 0000 0000 001E,-0.121897624199049,-1.1875,-0.0197298555488076,2016-02-07 16:22:04:216
0000 0000 0000 0000 0000 001E,-0.204587115921788,6.375,-0.0331136416382716,2016-02-07 16:22:04:245
0000 0000 0000 0000 0000 001E,0.211407670659547,1.8125,0.0342175889926432,2016-02-07 16:22:04:273
0000 0000 0000 0000 0000 001E,-0.0899974656713664,-13.6875,-0.0145666251423846,2016-02-07 16:22:04:294
0000 0000 0000 0000 0000 001E,0.03369315829423,3.9375,0.0054534380837707,2016-02-07 16:22:04:340
0000 0000 0000 0000 0000 001E,-0.483979212555065,13.6875,-0.0796236708343952,2016-02-07 16:22:04:415
0000 0000 0000 0000 0000 001E,0.423645110312345,0,0.0696975777865113,2016-02-07 16:22:04:431
0000 0000 0000 0000 0000 001E,0.140701541638651,-10.375,0.023148046334848,2016-02-07 16:22:04:452
0000 0000 0000 0000 0000 001E,0.107723809448769,-17.6875,0.0177225899833457,2016-02-07 16:22:04:484
0000 0000 0000 0000 0000 001E,-0.463525552000562,8.5,-0.0762586595010522,2016-02-07 16:22:04:512
0000 0000 0000 0000 0000 001E,-0.0993653337403341,5.75,-0.0163474637357281,2016-02-07 16:22:04:537
0000 0000 0000 0000 0000 001E,0.648160951327433,-9.125,0.106634650615975,2016-02-07 16:22:04:546
0000 0000 0000 0000 0000 001E,0.204463371795467,7,0.0337862911256624,2016-02-07 16:22:04:610
0000 0000 0000 0000 0000 001E,-0.658949055330632,13.6875,-0.108887202753616,2016-02-07 16:22:04:625
0000 0000 0000 0000 0000 001E,0.262834746332929,9.125,0.0434317950426211,2016-02-07 16:22:04:647
0000 0000 0000 0000 0000 001E,-0.198461421216637,0.5625,-0.0327945063976817,2016-02-07 16:22:04:736
0000 0000 0000 0000 0000 001E,0.188810551200478,-5.1875,0.0311997605949564,2016-02-07 16:22:04:765
