0000 0000 0000 0000 0000 001E,0.198665981772315,-1.8125,0.0328102364611585,2016-02-05 23:12:33:752
0000 0000 0000 0000 0000 001E,-0.124032686794644,0.5625,-0.0204843413368529,2016-02-05 23:12:33:780
0000 0000 0000 0000 0000 001E,-0.351709676972519,3.3125,-0.0580858260895986,2016-02-05 23:12:33:904
0000 0000 0000 0000 0000 001E,-0.250422044619194,0.5625,-0.0406859536343126,2016-02-05 23:12:34:028
0000 0000 0000 0000 0000 001E,-0.0776343509022972,1.1875,-0.0126132170434277,2016-02-05 23:12:34:053
0000 0000 0000 0000 0000 001E,0.039856440290587,3.3125,0.00647545739895807,2016-02-05 23:12:34:078
0000 0000 0000 0000 0000 001E,0.629583366911113,3.3125,0.102288118100912,2016-02-05 23:12:34:119
0000 0000 0000 0000 0000 001E,0.0412539075701234,-1.8125,0.00677960683157328,2016-02-05 23:12:34:173
0000 0000 0000 0000 0000 001E,0,3.9375,0,2016-02-05 23:12:34:199
0000 0000 0000 0000 0000 001E,0.19839153664879,3.3125,0.032603374962825,2016-02-05 23:12:34:223
0000 0000 0000 0000 0000 001E,0.111031891912379,1.1875,0.0182468187201937,2016-02-05 23:12:34:250
0000 0000 0000 0000 0000 001E,-0.202999411031044,3.3125,-0.0333606262992677,2016-02-05 23:12:34:257
0000 0000 0000 0000 0000 001E,-0.132441193755464,0,-0.0217651920715634,2016-02-05 23:12:34:290
0000 0000 0000 0000 0000 001E,-0.0876705718646195,0,-0.014407653552115,2016-02-05 23:12:34:312
0000 0000 0000 0000 0000 001E,0.122714563960794,0,0.0201667319574024,2016-02-05 23:12:34:328
0000 0000 0000 0000 0000 001E,-0.0638192719905894,3.3125,-0.0105924102888945,2016-02-05 23:12:34:385
0000 0000 0000 0000 0000 001E,-0.238287683767462,1.1875,-0.0395498230319439,2016-02-05 23:12:34:401
0000 0000 0000 0000 0000 001E,-0.109064384632566,-0.5625,-0.0181019725531231,2016-02-05 23:12:34:428
0000 0000 0000 0000 0000 001E,0.0678074225801972,1.8125,0.0112543439967132,2016-02-05 23:12:34:450
0000 0000 0000 0000 0000 001E,-0.125489912618864,0.5625,-0.0208282012645417,2016-02-05 23:12:34:473
0000 0000 0000 0000 0000 001E,-0.0529780741410488,0,-0.00879304135121142,2016-02-05 23:12:34:501
0000 0000 0000 0000 0000 001E,-0.147269108966349,-1.8125,-0.0244430056375684,2016-02-05 23:12:34:524
0000 0000 0000 0000 0000 001E,-0.268529414143373,1.8125,-0.0437463069470605,2016-02-05 23:12:34:578
0000 0000 0000 0000 0000 001E,-0.320289439160382,2.6875,-0.0521785673353867,2016-02-05 23:12:34:602
0000 0000 0000 0000 0000 001E,-0.152951149605311,3.3125,-0.0249173743587257,2016-02-05 23:12:34:618
0000 0000 0000 0000 0000 001E,0.267336524071978,2.6875,0.0435519724255192,2016-02-05 23:12:34:646
0000 0000 0000 0000 0000 001E,0.554896585033239,5.1875,0.0903985748085645,2016-02-05 23:12:34:663
0000 0000 0000 0000 0000 001E,1.10679542878731,1.8125,0.180308785574907,2016-02-05 23:12:34:692
0000 0000 0000 0000 0000 001E,0.677062092169659,-1.1875,0.110300639506325,2016-02-05 23:12:34:717
0000 0000 0000 0000 0000 001E,0.177277471862517,1.1875,0.028880391832069,2016-02-05 23:12:34:733
0000 0000 0000 0000 0000 001E,0.697922827640594,3.9375,0.115645870362982,2016-02-05 23:12:34:787
0000 0000 0000 0000 0000 001E,0.115981294536817,-3.9375,0.0192181101138056,2016-02-05 23:12:34:820
0000 0000 0000 0000 0000 001E,-0.180458740555191,-1.1875,-0.0299020282610092,2016-02-05 23:12:34:845
0000 0000 0000 0000 0000 001E,0.0171561522785569,-3.9375,0.0028427758539448,2016-02-05 23:12:34:873
0000 0000 0000 0000 0000 001E,-0.230092216869993,7,-0.0381262993985076,2016-02-05 23:12:34:892
0000 0000 0000 0000 0000 001E,0.0764701851924356,0.5625,0.0126711160219446,2016-02-05 23:12:34:918
0000 0000 0000 0000 0000 001E,0.223398110445166,-1.1875,0.0370170854093067,2016-02-05 23:12:34:940
0000 0000 0000 0000 0000 001E,-0.551894333729922,0.5625,-0.091247340930822,2016-02-05 23:12:34:990
0000 0000 0000 0000 0000 001E,-0.588729761152898,2.6875,-0.0973375190663375,2016-02-05 23:12:35:025
0000 0000 0000 0000 0000 001E,-0.261906624351866,1.8125,-0.043302280135332,2016-02-05 23:12:35:042
0000 0000 0000 0000 0000 001E,-0.305749060738886,4.5625,-0.0505509607173688,2016-02-05 23:12:35:082
0000 0000 0000 0000 0000 001E,0.0345221472002274,2.6875,0.00570771240565898,2016-02-05 23:12:35:110
0000 0000 0000 0000 0000 001E,0.0442965844144045,3.3125,0.00732376705666649,2016-02-05 23:12:35:132
0000 0000 0000 0000 0000 001E,1.20861695544554,0.5625,0.195621843341604,2016-02-05 23:12:35:189
0000 0000 0000 0000 0000 001E,-0.210440139761111,3.3125,-0.0340609883616582,2016-02-05 23:12:35:249
0000 0000 0000 0000 0000 001E,-0.146553988144368,1.1875,-0.0237206347144917,2016-02-05 23:12:35:313
0000 0000 0000 0000 0000 001E,-0.0943939935818126,1.1875,-0.0155295849051515,2016-02-05 23:12:35:398
0000 0000 0000 0000 0000 001E,-0.218519243678675,1.8125,-0.0359505199361681,2016-02-05 23:12:35:420
0000 0000 0000 0000 0000 001E,-0.431865922632902,4.5625,-0.071050055821152,2016-02-05 23:12:35:442
0000 0000 0000 0000 0000 001E,-0.621402643605021,1.8125,-0.102232406406091,2016-02-05 23:12:35:459
0000 0000 0000 0000 0000 001E,-0.690701289071412,3.3125,-0.113633335191348,2016-02-05 23:12:35:481
0000 0000 0000 0000 0000 001E,-0.201178876024886,3.9375,-0.0330977037606065,2016-02-05 23:12:35:532
0000 0000 0000 0000 0000 001E,1.03311734293417,1.1875,0.170716167931838,2016-02-05 23:12:35:630
0000 0000 0000 0000 0000 001E,0.780694839225438,-0.5625,0.129004930745046,2016-02-05 23:12:35:647
0000 0000 0000 0000 0000 001E,0.255927508590065,-1.1875,0.0422904172828529,2016-02-05 23:12:35:681
0000 0000 0000 0000 0000 001E,0.662325734740016,-0.5625,0.10944517786946,2016-02-05 23:12:35:694
0000 0000 0000 0000 0000 001E,0.310262292878441,3.9375,0.0512688999523726,2016-02-05 23:12:35:715
0000 0000 0000 0000 0000 001E,-0.327903599489626,-1.1875,-0.0541840153384124,2016-02-05 23:12:35:745
0000 0000 0000 0000 0000 001E,-0.138276294177617,-5.1875,-0.022429244797667,2016-02-05 23:12:35:892
0000 0000 0000 0000 0000 001E,-0.268761057597798,1.1875,-0.0435946565446551,2016-02-05 23:12:35:951
0000 0000 0000 0000 0000 001E,0,3.3125,0,2016-02-05 23:12:35:997
0000 0000 0000 0000 0000 001E,0.0674188816016569,-3.3125,0.0109298376009171,2016-02-05 23:12:36:026
0000 0000 0000 0000 0000 001E,-0.15136749023498,0,-0.0245394472145334,2016-02-05 23:12:36:042
0000 0000 0000 0000 0000 001E,0.0196262410064705,-1.8125,0.00318177373787688,2016-02-05 23:12:36:095
0000 0000 0000 0000 0000 001E,-0.194012615476308,0.5625,-0.0314530044003742,2016-02-05 23:12:36:125
0000 0000 0000 0000 0000 001E,0,-0.5625,0,2016-02-05 23:12:36:143
0000 0000 0000 0000 0000 001E,0.0963316892725027,-3.9375,0.0160063731829138,2016-02-05 23:12:36:207
0000 0000 0000 0000 0000 001E,0.023564560108102,0,0.00391546277066219,2016-02-05 23:12:36:271
0000 0000 0000 0000 0000 001E,0.0969870394279468,0,0.0161152654823506,2016-02-05 23:12:36:316
0000 0000 0000 0000 0000 001E,-0.0606786690692181,-0.5625,-0.0100823044700999,2016-02-05 23:12:36:332
0000 0000 0000 0000 0000 001E,0.0636362895868636,0.5625,0.0105270950515903,2016-02-05 23:12:36:413
0000 0000 0000 0000 0000 001E,-0.0159553393458174,0.5625,-0.00263942751791852,2016-02-05 23:12:36:444
0000 0000 0000 0000 0000 001E,0.040355489896278,0,0.00667584613668785,2016-02-05 23:12:36:468
0000 0000 0000 0000 0000 001E,-0.0111780882285605,1.1875,-0.00184914610894301,2016-02-05 23:12:36:512
0000 0000 0000 0000 0000 001E,0.148278545399331,3.3125,0.024529122481279,2016-02-05 23:12:36:525
0000 0000 0000 0000 0000 001E,0.095107372419166,1.1875,0.0157332295151639,2016-02-05 23:12:36:545
0000 0000 0000 0000 0000 001E,-0.111564642041128,3.3125,-0.0184556893368285,2016-02-05 23:12:36:572
0000 0000 0000 0000 0000 001E,-0.100692117337733,2.6875,-0.0164305875449115,2016-02-05 23:12:36:623
0000 0000 0000 0000 0000 001E,0.073680586992606,-3.3125,0.0120229404937622,2016-02-05 23:12:36:649
0000 0000 0000 0000 0000 001E,-0.114281994570051,3.9375,-0.0186481361822221,2016-02-05 23:12:36:671
0000 0000 0000 0000 0000 001E,-0.10326709552344,3.9375,-0.0168507634794844,2016-02-05 23:12:36:685
0000 0000 0000 0000 0000 001E,0.0140008960573477,3.3125,0.0022846172516749,2016-02-05 23:12:36:720
0000 0000 0000 0000 0000 001E,0.0516371880287648,0.5625,0.00842597574578702,2016-02-05 23:12:36:729
0000 0000 0000 0000 0000 001E,-0.039317275948144,0,-0.00641565558033353,2016-02-05 23:12:36:766
0000 0000 0000 0000 0000 001E,-0.152504489732177,4.5625,-0.0251311985276864,2016-02-05 23:12:36:837
0000 0000 0000 0000 0000 001E,0,1.1875,0,2016-02-05 23:12:36:856
0000 0000 0000 0000 0000 001E,0,1.1875,0,2016-02-05 23:12:36:882
0000 0000 0000 0000 0000 001E,0.0239517928970853,2.6875,0.00394701338595198,2016-02-05 23:12:36:903
0000 0000 0000 0000 0000 001E,0.177937856824717,0,0.028956526741207,2016-02-05 23:12:37:100
0000 0000 0000 0000 0000 001E,-0.0945456965824375,1.8125,-0.0153857927717555,2016-02-05 23:12:37:121
0000 0000 0000 0000 0000 001E,-0.0309715042339295,1.1875,-0.00504011460275501,2016-02-05 23:12:37:152
0000 0000 0000 0000 0000 001E,0.0980582889848375,1.1875,0.0159574107379719,2016-02-05 23:12:37:172
0000 0000 0000 0000 0000 001E,-0.0766933900523567,2.6875,-0.012480616770115,2016-02-05 23:12:37:191
0000 0000 0000 0000 0000 001E,0.0461339049508708,-3.3125,0.00766131828688692,2016-02-05 23:12:37:274
0000 0000 0000 0000 0000 001E,0.045764211068933,-0.5625,0.00759992434026012,2016-02-05 23:12:37:295
0000 0000 0000 0000 0000 001E,-0.0273577571716708,-0.5625,-0.00454322012261348,2016-02-05 23:12:37:313
0000 0000 0000 0000 0000 001E,0.0328212173153188,-1.8125,0.0054505204509248,2016-02-05 23:12:37:347
0000 0000 0000 0000 0000 001E,-0.0373460744196731,1.8125,-0.00620194980675446,2016-02-05 23:12:37:397
0000 0000 0000 0000 0000 001E,-0.128698273589883,2.6875,-0.0209777137065824,2016-02-05 23:12:37:445
0000 0000 0000 0000 0000 001E,0.055078424626631,3.3125,0.00897773832544922,2016-02-05 23:12:37:489
0000 0000 0000 0000 0000 001E,0.22283228750713,2.6875,0.0363214812562559,2016-02-05 23:12:37:507
0000 0000 0000 0000 0000 001E,0.141040222414788,3.9375,0.0229894413064039,2016-02-05 23:12:37:524
0000 0000 0000 0000 0000 001E,0.209812902840775,-1.8125,0.0341993321663855,2016-02-05 23:12:37:545
0000 0000 0000 0000 0000 001E,0.154535684143895,-1.8125,0.025189190569502,2016-02-05 23:12:37:564
0000 0000 0000 0000 0000 001E,-0.134005145797598,2.6875,-0.0218427295513607,2016-02-05 23:12:37:593
0000 0000 0000 0000 0000 001E,0.143680803325118,3.9375,0.0238342499295192,2016-02-05 23:12:37:668
0000 0000 0000 0000 0000 001E,0.190299468292412,0.5625,0.031567509255031,2016-02-05 23:12:37:686
0000 0000 0000 0000 0000 001E,0.162231661621381,3.9375,0.0269115280544176,2016-02-05 23:12:37:713
0000 0000 0000 0000 0000 001E,0.147525907909846,-0.5625,0.0244720886773314,2016-02-05 23:12:37:729
0000 0000 0000 0000 0000 001E,0.241100085038677,-4.5625,0.039994484662208,2016-02-05 23:12:37:748
0000 0000 0000 0000 0000 001E,0.329845473992344,-1.8125,0.0547158651908782,2016-02-05 23:12:37:789
0000 0000 0000 0000 0000 001E,0.057205934040187,0.5625,0.0094373275843036,2016-02-05 23:12:37:834
0000 0000 0000 0000 0000 001E,-0.0426670089129689,1.8125,-0.00703882467632151,2016-02-05 23:12:37:856
0000 0000 0000 0000 0000 001E,0.115497767659146,0.5625,0.0190537972492405,2016-02-05 23:12:37:890
0000 0000 0000 0000 0000 001E,0.0685820380167617,-0.5625,0.0113140563129109,2016-02-05 23:12:37:998
0000 0000 0000 0000 0000 001E,-0.0587276490398109,3.9375,-0.00958818759833648,2016-02-05 23:12:38:071
0000 0000 0000 0000 0000 001E,0.0770402729567689,0,0.0125780037480439,2016-02-05 23:12:38:090
0000 0000 0000 0000 0000 001E,-0.068954104148279,-2.6875,-0.011257812922168,2016-02-05 23:12:38:118
0000 0000 0000 0000 0000 001E,-0.165837625948148,-2.6875,-0.0270755307670446,2016-02-05 23:12:38:127
0000 0000 0000 0000 0000 001E,-0.17336015165348,1.1875,-0.0283036982291395,2016-02-05 23:12:38:147
0000 0000 0000 0000 0000 001E,-0.119250880957365,-2.6875,-0.0194695315848759,2016-02-05 23:12:38:176
0000 0000 0000 0000 0000 001E,-0.0968779967593664,-2.6875,-0.0158168157974476,2016-02-05 23:12:38:206
0000 0000 0000 0000 0000 001E,-0.179819271562199,3.3125,-0.0291205298076435,2016-02-05 23:12:38:245
0000 0000 0000 0000 0000 001E,0.342162840472853,0.5625,0.0554109863113932,2016-02-05 23:12:38:278
0000 0000 0000 0000 0000 001E,0.30072366141884,2.6875,0.0487001880840227,2016-02-05 23:12:38:304
0000 0000 0000 0000 0000 001E,0.825657680801249,14.3125,0.133709745878745,2016-02-05 23:12:38:346
0000 0000 0000 0000 0000 001E,0.785673048271752,-2.6875,0.127234501744413,2016-02-05 23:12:38:363
0000 0000 0000 0000 0000 001E,0.665615134883054,0.5625,0.107791924677418,2016-02-05 23:12:38:391
0000 0000 0000 0000 0000 001E,-0.14581653526847,-4.5625,-0.0236140138086592,2016-02-05 23:12:38:407
0000 0000 0000 0000 0000 001E,-0.997062096708323,-1.8125,-0.163766016431698,2016-02-05 23:12:38:462
0000 0000 0000 0000 0000 001E,-1.11001843011172,3.3125,-0.182318931855196,2016-02-05 23:12:38:507
0000 0000 0000 0000 0000 001E,-1.15622583723965,3.9375,-0.189908432067831,2016-02-05 23:12:38:527
0000 0000 0000 0000 0000 001E,-0.737752134169374,-13.6875,-0.121174727758452,2016-02-05 23:12:38:554
0000 0000 0000 0000 0000 001E,-1.45257893137077,-1.1875,-0.238584001867633,2016-02-05 23:12:38:592
0000 0000 0000 0000 0000 001E,-1.22484110169491,-10.375,-0.201178390642472,2016-02-05 23:12:38:607
0000 0000 0000 0000 0000 001E,-2.89595541136838,4.5625,-0.473840536356975,2016-02-05 23:12:38:687
0000 0000 0000 0000 0000 001E,-4.11813658945179,10.625,-0.673815640488431,2016-02-05 23:12:38:705
0000 0000 0000 0000 0000 001E,-0.538585098168983,-16.75,-0.0881240956916798,2016-02-05 23:12:38:819
0000 0000 0000 0000 0000 001E,-0.924565727457962,13.6875,-0.153031568682697,2016-02-05 23:12:39:016
0000 0000 0000 0000 0000 001E,-0.578246817329518,1.1875,-0.0950803207447823,2016-02-05 23:12:39:076
0000 0000 0000 0000 0000 001E,-2.09871096526756,-8.5,-0.345088128024263,2016-02-05 23:12:39:165
0000 0000 0000 0000 0000 001E,-2.55851778576059,-6.375,-0.42069352465233,2016-02-05 23:12:39:208
0000 0000 0000 0000 0000 001E,-2.73624941277138,0.5625,-0.449917689137525,2016-02-05 23:12:39:238
0000 0000 0000 0000 0000 001E,-1.60376675909972,-7,-0.260422207160983,2016-02-05 23:12:39:284
0000 0000 0000 0000 0000 001E,-2.38517396678311,7,-0.387308357258422,2016-02-05 23:12:39:318
0000 0000 0000 0000 0000 001E,-2.22395306174089,6.375,-0.361129049267804,2016-02-05 23:12:39:330
0000 0000 0000 0000 0000 001E,-2.46036553737625,-3.3125,-0.399518084553654,2016-02-05 23:12:39:381
0000 0000 0000 0000 0000 001E,-2.16812406652404,-7.875,-0.352063447879411,2016-02-05 23:12:39:405
0000 0000 0000 0000 0000 001E,-1.97771867164467,-3.3125,-0.321145115828634,2016-02-05 23:12:39:442
0000 0000 0000 0000 0000 001E,-2.38657191900384,9.75,-0.389856561775743,2016-02-05 23:12:39:491
0000 0000 0000 0000 0000 001E,-0.940762666631951,0.5625,-0.154012987716008,2016-02-05 23:12:39:926
0000 0000 0000 0000 0000 001E,-1.88827260301374,-9.75,-0.309130576209616,2016-02-05 23:12:40:001
0000 0000 0000 0000 0000 001E,0,-44.25,0,2016-02-05 23:12:40:007
0000 0000 0000 0000 0000 001E,-1.13521583498724,2.6875,-0.184238436838611,2016-02-05 23:12:40:165
0000 0000 0000 0000 0000 001E,-0.728544974954705,-2.6875,-0.119466243501728,2016-02-05 23:12:40:383
0000 0000 0000 0000 0000 001E,-0.678810303774255,2.6875,-0.111310790452187,2016-02-05 23:12:40:417
0000 0000 0000 0000 0000 001E,-0.838236964790629,-2.6875,-0.137453451455146,2016-02-05 23:12:40:446
0000 0000 0000 0000 0000 001E,0.219921743046955,-40.875,0.0360625979306295,2016-02-05 23:12:40:455
0000 0000 0000 0000 0000 001E,-1.10294370833563,1.8125,-0.181853867821208,2016-02-05 23:12:40:653
0000 0000 0000 0000 0000 001E,0.0327397914711012,17.6875,0.0053048541406051,2016-02-05 23:12:40:795
0000 0000 0000 0000 0000 001E,-0.49245539573528,-0.5625,-0.0806642744857134,2016-02-05 23:12:41:038
0000 0000 0000 0000 0000 001E,0.98864595050619,3.9375,0.162829418145406,2016-02-05 23:12:41:095
0000 0000 0000 0000 0000 001E,0.901987464951343,1.8125,0.148556815528632,2016-02-05 23:12:41:125
0000 0000 0000 0000 0000 001E,1.35286791346974,-7.875,0.222816565490486,2016-02-05 23:12:41:144
0000 0000 0000 0000 0000 001E,0.536730085739416,1.1875,0.0883991357243067,2016-02-05 23:12:41:157
0000 0000 0000 0000 0000 001E,1.52015672539447,-0.5625,0.249137950078307,2016-02-05 23:12:41:292
0000 0000 0000 0000 0000 001E,1.96787632489211,0,0.322514557480269,2016-02-05 23:12:41:353
0000 0000 0000 0000 0000 001E,1.8053130010143,4.5625,0.295872111611193,2016-02-05 23:12:41:384
0000 0000 0000 0000 0000 001E,2.40167269439422,3.3125,0.393609291624291,2016-02-05 23:12:41:398
0000 0000 0000 0000 0000 001E,2.16962046106068,2.6875,0.355578332869819,2016-02-05 23:12:41:441
0000 0000 0000 0000 0000 001E,2.36059210201766,12.5,0.386033050207303,2016-02-05 23:12:41:536
0000 0000 0000 0000 0000 001E,2.26587454046887,14.9375,0.370543669741434,2016-02-05 23:12:41:552
0000 0000 0000 0000 0000 001E,0.853759569491044,12.5,0.13961726402143,2016-02-05 23:12:41:632
0000 0000 0000 0000 0000 001E,3.25357131631883,-7,0.537040657439147,2016-02-05 23:12:42:009
0000 0000 0000 0000 0000 001E,3.04508000547046,14.9375,0.502626685909842,2016-02-05 23:12:42:036
0000 0000 0000 0000 0000 001E,1.51833716572289,-8.5,0.245619385126377,2016-02-05 23:12:42:119
0000 0000 0000 0000 0000 001E,2.34300023992322,-5.1875,0.37902403449823,2016-02-05 23:12:42:164
0000 0000 0000 0000 0000 001E,2.37047712963665,13.0625,0.38346893442491,2016-02-05 23:12:42:191
0000 0000 0000 0000 0000 001E,2.04277357757591,3.9375,0.338300896093167,2016-02-05 23:12:42:300
0000 0000 0000 0000 0000 001E,2.37859292234204,-2.6875,0.393915471544361,2016-02-05 23:12:42:417
0000 0000 0000 0000 0000 001E,2.62535496190001,12.5,0.434781390322939,2016-02-05 23:12:42:467
0000 0000 0000 0000 0000 001E,3.4234575993742,28.625,0.567580701747588,2016-02-05 23:12:42:517
0000 0000 0000 0000 0000 001E,3.91427929085303,1.8125,0.648954842363034,2016-02-05 23:12:42:537
0000 0000 0000 0000 0000 001E,2.11785747960964,-9.125,0.351123096923399,2016-02-05 23:12:42:630
0000 0000 0000 0000 0000 001E,0.991477774344485,8.5,0.161697924600894,2016-02-05 23:12:42:836
0000 0000 0000 0000 0000 001E,1.17694145272985,1.8125,0.191944787072005,2016-02-05 23:12:42:863
0000 0000 0000 0000 0000 001E,0.249186654758869,14.3125,0.040906153995984,2016-02-05 23:12:42:974
0000 0000 0000 0000 0000 001E,1.00956364606989,-1.1875,0.165728642309695,2016-02-05 23:12:43:004
0000 0000 0000 0000 0000 001E,0.698235205147949,9.75,0.114621374306093,2016-02-05 23:12:43:031
0000 0000 0000 0000 0000 001E,0.682630037006581,10.9375,0.112059650397797,2016-02-05 23:12:43:043
0000 0000 0000 0000 0000 001E,1.18371212121212,0,0.194316627285163,2016-02-05 23:12:43:079
0000 0000 0000 0000 0000 001E,0.980790798107397,0,0.160303589993037,2016-02-05 23:12:43:151
0000 0000 0000 0000 0000 001E,1.04855360504795,-7.875,0.171378960236658,2016-02-05 23:12:43:185
0000 0000 0000 0000 0000 001E,1.2128893188115,-1.1875,0.19823851574146,2016-02-05 23:12:43:196
0000 0000 0000 0000 0000 001E,0.608922080785959,6.375,0.0995241755574981,2016-02-05 23:12:43:229
0000 0000 0000 0000 0000 001E,0.912625061843768,14.9375,0.149162363690074,2016-02-05 23:12:43:247
0000 0000 0000 0000 0000 001E,0.663077528471343,-5.1875,0.108375515413458,2016-02-05 23:12:43:279
0000 0000 0000 0000 0000 001E,0.120147945374015,4.5625,0.0196373650842847,2016-02-05 23:12:43:296
0000 0000 0000 0000 0000 001E,-0.0141851504851543,14.9375,-0.00233500419508712,2016-02-05 23:12:43:352
0000 0000 0000 0000 0000 001E,-0.306324498117941,0,-0.0504237856984265,2016-02-05 23:12:43:438
0000 0000 0000 0000 0000 001E,-0.153779683169562,-7,-0.0253135280937551,2016-02-05 23:12:43:487
0000 0000 0000 0000 0000 001E,-0.521853847524047,-5.1875,-0.0856199913903277,2016-02-05 23:12:43:546
0000 0000 0000 0000 0000 001E,-1.07289475222066,3.3125,-0.176028671406179,2016-02-05 23:12:43:595
0000 0000 0000 0000 0000 001E,-0.246703601302422,-6.375,-0.0401252807756717,2016-02-05 23:12:43:736
0000 0000 0000 0000 0000 001E,-0.352697070787712,7.875,-0.0573646631804357,2016-02-05 23:12:43:763
0000 0000 0000 0000 0000 001E,-0.301358095758065,-4.5625,-0.0490145994727132,2016-02-05 23:12:43:805
0000 0000 0000 0000 0000 001E,-0.863908793347488,8.5,-0.140511053404308,2016-02-05 23:12:43:833
0000 0000 0000 0000 0000 001E,-1.37302284710017,5.1875,-0.223316266809461,2016-02-05 23:12:43:842
0000 0000 0000 0000 0000 001E,-2.382290160824,8.5,-0.387049579337774,2016-02-05 23:12:44:173
0000 0000 0000 0000 0000 001E,-1.7503246703931,-24.6875,-0.284374438731616,2016-02-05 23:12:44:190
0000 0000 0000 0000 0000 001E,-2.47087817034508,-6.375,-0.40606050457602,2016-02-05 23:12:44:358
0000 0000 0000 0000 0000 001E,-2.3873479122176,-16.75,-0.39233326412779,2016-02-05 23:12:44:409
0000 0000 0000 0000 0000 001E,-3.09392654019391,4.5625,-0.508451362398341,2016-02-05 23:12:44:435
0000 0000 0000 0000 0000 001E,-2.04146474724439,0,-0.3354913306893,2016-02-05 23:12:44:448
0000 0000 0000 0000 0000 001E,-2.02243437255122,-3.9375,-0.332363906746297,2016-02-05 23:12:44:520
0000 0000 0000 0000 0000 001E,-1.53791816460932,9.75,-0.255256126906111,2016-02-05 23:12:44:585
0000 0000 0000 0000 0000 001E,-0.638617650555853,5.75,-0.104037629740296,2016-02-05 23:12:44:751
0000 0000 0000 0000 0000 001E,-1.60313526006566,-5.75,-0.265639645412703,2016-02-05 23:12:44:988
0000 0000 0000 0000 0000 001E,-2.14597677995898,5.75,-0.355588530233468,2016-02-05 23:12:45:016
0000 0000 0000 0000 0000 001E,-2.44961245171324,3.3125,-0.405900986199377,2016-02-05 23:12:45:035
0000 0000 0000 0000 0000 001E,-2.58531787005566,5.75,-0.428387385261915,2016-02-05 23:12:45:109
0000 0000 0000 0000 0000 001E,-2.21082820572357,6.375,-0.366334416855604,2016-02-05 23:12:45:127
0000 0000 0000 0000 0000 001E,-0.980730605071551,1.8125,-0.162148901362064,2016-02-05 23:12:45:186
0000 0000 0000 0000 0000 001E,-1.52854824601786,0.5625,-0.252722223094714,2016-02-05 23:12:45:218
0000 0000 0000 0000 0000 001E,-1.09336894468463,0.5625,-0.176968267281029,2016-02-05 23:12:45:435
0000 0000 0000 0000 0000 001E,-1.06255535172065,-5.75,-0.171980903974208,2016-02-05 23:12:45:454
0000 0000 0000 0000 0000 001E,-1.19257393543591,3.9375,-0.193025185125856,2016-02-05 23:12:45:498
0000 0000 0000 0000 0000 001E,-0.959076089439065,5.75,-0.155567897719232,2016-02-05 23:12:45:987
0000 0000 0000 0000 0000 001E,-0.922113871402878,19.5,-0.149572404120499,2016-02-05 23:12:45:998
0000 0000 0000 0000 0000 001E,0.27546307178788,12.5,0.0446817634692425,2016-02-05 23:12:46:019
0000 0000 0000 0000 0000 001E,0.130655465370378,-1.8125,0.0211931006277986,2016-02-05 23:12:46:041
0000 0000 0000 0000 0000 001E,0.0720976375046153,-3.9375,0.0116946695060203,2016-02-05 23:12:46:069
0000 0000 0000 0000 0000 001E,0.472134258363952,-17.6875,0.0765830102780134,2016-02-05 23:12:46:084
0000 0000 0000 0000 0000 001E,0.298443048198382,-6.375,0.0483830934663684,2016-02-05 23:12:46:265
0000 0000 0000 0000 0000 001E,0.149458601163145,-8.5,0.0242299812747601,2016-02-05 23:12:46:281
0000 0000 0000 0000 0000 001E,-0.192740293178311,3.9375,-0.0312467376133442,2016-02-05 23:12:46:309
0000 0000 0000 0000 0000 001E,0.343081524709192,-1.1875,0.0556198094637976,2016-02-05 23:12:46:322
0000 0000 0000 0000 0000 001E,-0.0420587665274143,-9.125,-0.00681849768074806,2016-02-05 23:12:46:345
0000 0000 0000 0000 0000 001E,-0.971042887795688,-8.5,-0.161347475125287,2016-02-05 23:12:46:416
0000 0000 0000 0000 0000 001E,-0.335837058885773,10.9375,-0.0558023360098211,2016-02-05 23:12:46:454
0000 0000 0000 0000 0000 001E,0.539895234409553,0,0.0897084299766635,2016-02-05 23:12:46:463
0000 0000 0000 0000 0000 001E,-0.138307628030818,7.875,-0.0229810514590116,2016-02-05 23:12:46:481
0000 0000 0000 0000 0000 001E,1.27014162361357,16.125,0.211045409628397,2016-02-05 23:12:46:539
0000 0000 0000 0000 0000 001E,2.19245319024741,-3.3125,0.362688699792789,2016-02-05 23:12:46:622
0000 0000 0000 0000 0000 001E,0.564519625411872,3.3125,0.093386207677729,2016-02-05 23:12:46:669
0000 0000 0000 0000 0000 001E,1.09191264227745,3.9375,0.180630710054168,2016-02-05 23:12:46:709
0000 0000 0000 0000 0000 001E,1.76720201106255,5.75,0.292341110184044,2016-02-05 23:12:46:723
0000 0000 0000 0000 0000 001E,1.39945682128842,4.5625,0.228358469614645,2016-02-05 23:12:46:793
0000 0000 0000 0000 0000 001E,2.07106918754646,-3.9375,0.337949826632547,2016-02-05 23:12:46:815
0000 0000 0000 0000 0000 001E,1.81547870542505,-7.875,0.296243465666312,2016-02-05 23:12:46:912
0000 0000 0000 0000 0000 001E,0.971381797082229,0.5625,0.158506684321277,2016-02-05 23:12:46:921
0000 0000 0000 0000 0000 001E,1.11245594674451,-3.9375,0.181526670668127,2016-02-05 23:12:46:949
0000 0000 0000 0000 0000 001E,1.12762297405106,10.9375,0.185820869110309,2016-02-05 23:12:47:008
0000 0000 0000 0000 0000 001E,1.22014851203998,-3.9375,0.201068142604776,2016-02-05 23:12:47:021
0000 0000 0000 0000 0000 001E,1.51349169741697,26.5,0.249408134702056,2016-02-05 23:12:47:106
0000 0000 0000 0000 0000 001E,0.675638837083383,10.375,0.109949363235701,2016-02-05 23:12:47:196
0000 0000 0000 0000 0000 001E,1.6749275155178,2.6875,0.272567537106234,2016-02-05 23:12:47:220
0000 0000 0000 0000 0000 001E,1.56819029048261,14.9375,0.255197768996356,2016-02-05 23:12:47:255
0000 0000 0000 0000 0000 001E,2.9797075080032,1.1875,0.484899513100602,2016-02-05 23:12:47:265
0000 0000 0000 0000 0000 001E,3.63298039869572,3.3125,0.591209177981402,2016-02-05 23:12:47:299
0000 0000 0000 0000 0000 001E,4.18860304457882,-9.125,0.681627834756522,2016-02-05 23:12:47:313
0000 0000 0000 0000 0000 001E,2.99491311936459,-10.375,0.487373981995866,2016-02-05 23:12:47:348
0000 0000 0000 0000 0000 001E,1.48413753799392,12.5,0.246466239356865,2016-02-05 23:12:47:407
0000 0000 0000 0000 0000 001E,0.373589326702371,18.25,0.0608947557787075,2016-02-05 23:12:47:609
0000 0000 0000 0000 0000 001E,0.801028919482131,0.5625,0.132877343569057,2016-02-05 23:12:47:802
0000 0000 0000 0000 0000 001E,0.173057327662591,-7,0.0287073255730038,2016-02-05 23:12:47:819
0000 0000 0000 0000 0000 001E,0.0450513224665537,-2.6875,0.00747326333423618,2016-02-05 23:12:47:851
0000 0000 0000 0000 0000 001E,0.281571236053656,-5.1875,0.0467079739099235,2016-02-05 23:12:47:900
0000 0000 0000 0000 0000 001E,0.289953236342042,-1.8125,0.0480984080191389,2016-02-05 23:12:47:932
0000 0000 0000 0000 0000 001E,0.024773274987316,13.0625,0.00408687516975243,2016-02-05 23:12:48:048
0000 0000 0000 0000 0000 001E,0.35082716625952,4.5625,0.0578763540708584,2016-02-05 23:12:48:076
0000 0000 0000 0000 0000 001E,-0.455110216771857,-3.9375,-0.0750800467591735,2016-02-05 23:12:48:114
0000 0000 0000 0000 0000 001E,-0.451003030740367,-18.875,-0.0744024796382239,2016-02-05 23:12:48:164
0000 0000 0000 0000 0000 001E,-0.212296195652175,3.9375,-0.0346606033717836,2016-02-05 23:12:48:216
0000 0000 0000 0000 0000 001E,-0.200573249809282,-5.1875,-0.0327466530300868,2016-02-05 23:12:48:233
0000 0000 0000 0000 0000 001E,-0.573292309627642,-1.8125,-0.0935987444290028,2016-02-05 23:12:48:257
0000 0000 0000 0000 0000 001E,-0.81498699350119,-7,-0.133059100979786,2016-02-05 23:12:48:285
0000 0000 0000 0000 0000 001E,-1.65445423198029,-5.75,-0.270114976649843,2016-02-05 23:12:48:315
0000 0000 0000 0000 0000 001E,-2.08571358855411,5.1875,-0.340524667519038,2016-02-05 23:12:48:336
0000 0000 0000 0000 0000 001E,-1.92299803085001,3.3125,-0.311416685157896,2016-02-05 23:12:48:387
0000 0000 0000 0000 0000 001E,-0.413589965804994,1.8125,-0.066978132114169,2016-02-05 23:12:48:463
0000 0000 0000 0000 0000 001E,-0.544151710509266,4.5625,-0.0881217344954276,2016-02-05 23:12:48:512
0000 0000 0000 0000 0000 001E,-0.627700507070418,5.1875,-0.101651903979015,2016-02-05 23:12:48:533
0000 0000 0000 0000 0000 001E,-1.26165340063064,3.3125,-0.207451915697008,2016-02-05 23:12:49:253
0000 0000 0000 0000 0000 001E,2.45650773195876,-10.9375,0.398891647950002,2016-02-05 23:12:49:577
0000 0000 0000 0000 0000 001E,-1.07822358044164,-1.1875,-0.176132357273342,2016-02-05 23:12:49:634
0000 0000 0000 0000 0000 001E,-1.2582622532598,-3.9375,-0.205542431787608,2016-02-05 23:12:49:673
0000 0000 0000 0000 0000 001E,-1.44469679649255,1.8125,-0.235997298637498,2016-02-05 23:12:49:714
0000 0000 0000 0000 0000 001E,-0.699171286257825,-17.6875,-0.114212570583908,2016-02-05 23:12:49:738
0000 0000 0000 0000 0000 001E,-1.67481232699482,14.3125,-0.273587638496296,2016-02-05 23:12:49:755
0000 0000 0000 0000 0000 001E,0.163541782963045,-3.9375,0.0267152381643962,2016-02-05 23:12:49:773
0000 0000 0000 0000 0000 001E,-0.298217375814332,0,-0.0484774926818205,2016-02-05 23:12:49:859
0000 0000 0000 0000 0000 001E,-1.36926878855861,13.0625,-0.222585010331933,2016-02-05 23:12:49:875
0000 0000 0000 0000 0000 001E,-0.249470215977705,10.375,-0.0404874572860761,2016-02-05 23:12:50:337
0000 0000 0000 0000 0000 001E,-0.0462760034118387,3.3125,-0.00751030620695245,2016-02-05 23:12:50:358
0000 0000 0000 0000 0000 001E,1.01980210944027,-7.875,0.165239337203392,2016-02-05 23:12:50:890
0000 0000 0000 0000 0000 001E,-0.493053301597606,-9.125,-0.0798898139234577,2016-02-05 23:12:50:918
0000 0000 0000 0000 0000 001E,-0.244319792848089,-2.6875,-0.0395873280337168,2016-02-05 23:12:50:958
0000 0000 0000 0000 0000 001E,-0.526032397842644,-4.5625,-0.086164192930818,2016-02-05 23:12:51:165
0000 0000 0000 0000 0000 001E,0.380630101338956,5.1875,0.062347272946594,2016-02-05 23:12:51:187
0000 0000 0000 0000 0000 001E,0.667415595954074,-5.1875,0.109322783940061,2016-02-05 23:12:51:205
0000 0000 0000 0000 0000 001E,0.312813647817545,0.5625,0.0515202274747535,2016-02-05 23:12:51:277
0000 0000 0000 0000 0000 001E,0.448437571750011,5.1875,0.0738574095662934,2016-02-05 23:12:51:298
0000 0000 0000 0000 0000 001E,0.254074955770629,14.3125,0.041845998754427,2016-02-05 23:12:51:349
0000 0000 0000 0000 0000 001E,1.8037003760737,-11.5625,0.297068412199896,2016-02-05 23:12:51:371
0000 0000 0000 0000 0000 001E,1.36809956637759,0,0.225325209944153,2016-02-05 23:12:51:401
0000 0000 0000 0000 0000 001E,2.94924712954785,31.125,0.483351072856791,2016-02-05 23:12:51:612
0000 0000 0000 0000 0000 001E,2.4140889279209,15.5625,0.394781509063106,2016-02-05 23:12:51:653
0000 0000 0000 0000 0000 001E,2.07521692934301,7.875,0.339364992533608,2016-02-05 23:12:51:723
0000 0000 0000 0000 0000 001E,0.583143482098814,14.9375,0.0949487352128327,2016-02-05 23:12:51:998
0000 0000 0000 0000 0000 001E,1.36967267929439,0,0.226080772373214,2016-02-05 23:12:52:175
0000 0000 0000 0000 0000 001E,1.21364879139999,10.375,0.200327173270975,2016-02-05 23:12:52:191
0000 0000 0000 0000 0000 001E,0.876146388875044,18.875,0.141733036755197,2016-02-05 23:12:52:382
0000 0000 0000 0000 0000 001E,1.81407411007431,9.125,0.293460357520783,2016-02-05 23:12:52:405
0000 0000 0000 0000 0000 001E,0.790144772582789,7,0.130854778788207,2016-02-05 23:12:52:503
0000 0000 0000 0000 0000 001E,0.817609578921447,9.75,0.135403187235128,2016-02-05 23:12:52:550
0000 0000 0000 0000 0000 001E,0.874758146867555,9.125,0.144867482230343,2016-02-05 23:12:52:606
0000 0000 0000 0000 0000 001E,0.861571432772614,13.6875,0.142683648816883,2016-02-05 23:12:52:614
0000 0000 0000 0000 0000 001E,0.693465434419382,7.875,0.114970782164031,2016-02-05 23:12:52:664
0000 0000 0000 0000 0000 001E,1.03935524519057,4.5625,0.172316426392468,2016-02-05 23:12:52:689
0000 0000 0000 0000 0000 001E,0.724177393900213,-7.875,0.120062568759361,2016-02-05 23:12:52:716
0000 0000 0000 0000 0000 001E,-0.0353596386414656,27.75,-0.00586233301599319,2016-02-05 23:12:52:743
0000 0000 0000 0000 0000 001E,-1.56549485973166,-10.375,-0.255313105691491,2016-02-05 23:12:52:890
0000 0000 0000 0000 0000 001E,-0.486854263365996,-2.6875,-0.0793999885891812,2016-02-05 23:12:52:939
0000 0000 0000 0000 0000 001E,-0.686688425839115,0.5625,-0.111990501631821,2016-02-05 23:12:52:960
0000 0000 0000 0000 0000 001E,3.39215986931597,7,0.553219875398093,2016-02-05 23:12:53:022
0000 0000 0000 0000 0000 001E,-1.53933787772076,-1.1875,-0.252695684441165,2016-02-05 23:12:53:195
0000 0000 0000 0000 0000 001E,-1.64033087170576,-1.8125,-0.269274561702724,2016-02-05 23:12:53:212
0000 0000 0000 0000 0000 001E,-1.39732030132144,-2.6875,-0.229382265606802,2016-02-05 23:12:53:224
0000 0000 0000 0000 0000 001E,-2.32204735254886,-14.9375,-0.379522857948601,2016-02-05 23:12:53:363
0000 0000 0000 0000 0000 001E,-1.48689942480122,1.1875,-0.243023605252174,2016-02-05 23:12:53:408
0000 0000 0000 0000 0000 001E,-1.53690916002027,10.375,-0.252989162143255,2016-02-05 23:12:53:490
0000 0000 0000 0000 0000 001E,-1.1062489107703,-10.0625,-0.182098586135029,2016-02-05 23:12:53:496
0000 0000 0000 0000 0000 001E,0.752966477792322,-13.0625,0.123945099225074,2016-02-05 23:12:53:607
0000 0000 0000 0000 0000 001E,4.68772238251734,-17.6875,0.769109496721466,2016-02-05 23:12:53:713
0000 0000 0000 0000 0000 001E,3.05833998360797,-14.9375,0.505093308605776,2016-02-05 23:12:54:208
0000 0000 0000 0000 0000 001E,0.140441863809594,-19.5,0.0231943623137233,2016-02-05 23:12:54:236
0000 0000 0000 0000 0000 001E,-0.0975976913851721,1.8125,-0.0158566517278915,2016-02-05 23:12:54:339
0000 0000 0000 0000 0000 001E,0.638984861403022,-3.3125,0.103815574557761,2016-02-05 23:12:54:364
0000 0000 0000 0000 0000 001E,0.331575149960388,0.5625,0.0538708610821102,2016-02-05 23:12:54:391
0000 0000 0000 0000 0000 001E,0.549117712340933,8.5,0.089214900461565,2016-02-05 23:12:54:407
0000 0000 0000 0000 0000 001E,2.53754205188378,2.4375,0.417015949364631,2016-02-05 23:12:54:646
0000 0000 0000 0000 0000 001E,0.686047689813564,-5.75,0.112744073921703,2016-02-05 23:12:54:665
0000 0000 0000 0000 0000 001E,-0.31127752825268,-3.3125,-0.0516643200419386,2016-02-05 23:12:54:819
0000 0000 0000 0000 0000 001E,-0.500070797902054,-6.375,-0.0829993025563576,2016-02-05 23:12:54:852
0000 0000 0000 0000 0000 001E,-0.869237263731086,-0.5625,-0.144271745017608,2016-02-05 23:12:54:871
0000 0000 0000 0000 0000 001E,0.859983180104969,49.4375,0.140100436617698,2016-02-05 23:12:54:921
0000 0000 0000 0000 0000 001E,0.0420515221978213,14.3125,0.00685064168305533,2016-02-05 23:12:55:037
0000 0000 0000 0000 0000 001E,1.62685099490976,-15.5625,0.265031386626625,2016-02-05 23:12:55:059
0000 0000 0000 0000 0000 001E,-0.0313966853137848,6.375,-0.00520243335771082,2016-02-05 23:12:55:220
0000 0000 0000 0000 0000 001E,0.365890783064819,3.9375,0.060628133067907,2016-02-05 23:12:55:238
0000 0000 0000 0000 0000 001E,0.538331087495787,-5.75,0.0892015057988048,2016-02-05 23:12:55:271
0000 0000 0000 0000 0000 001E,-0.66073240866035,-5.1875,-0.106943470514219,2016-02-05 23:12:55:503
0000 0000 0000 0000 0000 001E,0.55665430279144,7,0.0900978100013121,2016-02-05 23:12:55:556
0000 0000 0000 0000 0000 001E,1.26774646184391,0.5625,0.205192305666671,2016-02-05 23:12:55:576
0000 0000 0000 0000 0000 001E,2.78800609914352,-28.625,0.451255370781256,2016-02-05 23:12:55:599
0000 0000 0000 0000 0000 001E,1.57625641966251,-2.6875,0.260466497327873,2016-02-05 23:12:56:037
0000 0000 0000 0000 0000 001E,1.75904842271787,1.1875,0.290671730551012,2016-02-05 23:12:56:069
0000 0000 0000 0000 0000 001E,1.91259617626486,3.9375,0.310234578469564,2016-02-05 23:12:56:156
0000 0000 0000 0000 0000 001E,2.12046323917367,1.8125,0.343951863612923,2016-02-05 23:12:56:181
0000 0000 0000 0000 0000 001E,0.32978606645955,3.9375,0.0534932792310705,2016-02-05 23:12:56:255
0000 0000 0000 0000 0000 001E,-0.479947614154231,18.875,-0.0778083135618856,2016-02-05 23:12:56:334
0000 0000 0000 0000 0000 001E,0.259732527655047,10.9375,0.0421074078878758,2016-02-05 23:12:56:441
0000 0000 0000 0000 0000 001E,0.964315690727757,1.1875,0.156333265181479,2016-02-05 23:12:56:461
0000 0000 0000 0000 0000 001E,0.97561475994748,4.5625,0.158165051599159,2016-02-05 23:12:56:479
0000 0000 0000 0000 0000 001E,0.939585273122282,-5.75,0.156120510626799,2016-02-05 23:12:56:547
0000 0000 0000 0000 0000 001E,0.425467992099685,10.375,0.0706953185432875,2016-02-05 23:12:56:582
0000 0000 0000 0000 0000 001E,0.250580545006676,18.875,0.0416362024381073,2016-02-05 23:12:56:634
0000 0000 0000 0000 0000 001E,1.00508785042148,-11.5625,0.166267634478327,2016-02-05 23:12:56:759
0000 0000 0000 0000 0000 001E,-0.910136535042441,-0.5625,-0.150560220850693,2016-02-05 23:12:56:864
0000 0000 0000 0000 0000 001E,1.86123325528208,-7,0.30370953308927,2016-02-05 23:12:57:065
0000 0000 0000 0000 0000 001E,0.702409153454044,16.125,0.114616669043358,2016-02-05 23:12:57:097
0000 0000 0000 0000 0000 001E,1.72570505778966,18.25,0.281594515820995,2016-02-05 23:12:57:107
0000 0000 0000 0000 0000 001E,0.83671888387502,-25.9375,0.137882815249935,2016-02-05 23:12:57:171
0000 0000 0000 0000 0000 001E,-0.84204019910117,-1.1875,-0.138759714216068,2016-02-05 23:12:57:190
0000 0000 0000 0000 0000 001E,-0.345075088339223,16.75,-0.0568648868452441,2016-02-05 23:12:57:220
0000 0000 0000 0000 0000 001E,-0.249393475068632,7,-0.0410975240431693,2016-02-05 23:12:57:251
0000 0000 0000 0000 0000 001E,0.252479887155155,-2.6875,0.0416061335603111,2016-02-05 23:12:57:284
0000 0000 0000 0000 0000 001E,-0.498536865519254,10.9375,-0.082153836668924,2016-02-05 23:12:57:312
0000 0000 0000 0000 0000 001E,0.404599515437547,7,0.0658420692331239,2016-02-05 23:12:57:373
0000 0000 0000 0000 0000 001E,0.111109372866702,8.5,0.018081264909146,2016-02-05 23:12:57:395
0000 0000 0000 0000 0000 001E,0.363629170390228,0.5625,0.0591748039691176,2016-02-05 23:12:57:429
0000 0000 0000 0000 0000 001E,0.59625530926467,2.6875,0.0970309697745597,2016-02-05 23:12:57:447
0000 0000 0000 0000 0000 001E,0.356859594046907,-7.875,0.0580731642061688,2016-02-05 23:12:57:463
0000 0000 0000 0000 0000 001E,-1.09810247891643,6.375,-0.182358562787119,2016-02-05 23:12:57:632
0000 0000 0000 0000 0000 001E,-0.798001650650454,0,-0.132521724436832,2016-02-05 23:12:57:663
0000 0000 0000 0000 0000 001E,-0.434478347916359,-9.75,-0.0721525072653793,2016-02-05 23:12:57:669
0000 0000 0000 0000 0000 001E,-1.79912030213707,6.375,-0.298774475860017,2016-02-05 23:12:57:688
0000 0000 0000 0000 0000 001E,-1.96932977068449,6.375,-0.327040648328451,2016-02-05 23:12:57:706
0000 0000 0000 0000 0000 001E,-2.50315063226248,10.375,-0.408011513001219,2016-02-05 23:12:57:788
0000 0000 0000 0000 0000 001E,-1.97607913523489,-1.8125,-0.322099288546844,2016-02-05 23:12:57:831
0000 0000 0000 0000 0000 001E,-1.60704095445376,-1.1875,-0.261946365844134,2016-02-05 23:12:57:850
0000 0000 0000 0000 0000 001E,-1.3749179374822,1.1875,-0.224110503257083,2016-02-05 23:12:57:882
0000 0000 0000 0000 0000 001E,-1.12772241212065,-2.6875,-0.183817834086496,2016-02-05 23:12:57:920
0000 0000 0000 0000 0000 001E,-2.26308710945583,8.5,-0.375408422912219,2016-02-05 23:12:58:003
0000 0000 0000 0000 0000 001E,-1.8781464476959,2.6875,-0.311553184577701,2016-02-05 23:12:58:029
0000 0000 0000 0000 0000 001E,-2.33768306819467,-1.1875,-0.387782648857286,2016-02-05 23:12:58:083
0000 0000 0000 0000 0000 001E,-2.92210928252006,-11.5625,-0.484729214684002,2016-02-05 23:12:58:109
0000 0000 0000 0000 0000 001E,-1.59493496733573,5.1875,-0.260397545687466,2016-02-05 23:12:58:499
0000 0000 0000 0000 0000 001E,-0.773004617414248,-18.875,-0.126204835496204,2016-02-05 23:12:58:520
0000 0000 0000 0000 0000 001E,-2.07302181258935,-6.375,-0.335712034427425,2016-02-05 23:12:58:627
0000 0000 0000 0000 0000 001E,-0.896098990634097,-9.125,-0.145117245446817,2016-02-05 23:12:58:706
0000 0000 0000 0000 0000 001E,-0.959939163270199,-5.1875,-0.155455734942542,2016-02-05 23:12:58:727
0000 0000 0000 0000 0000 001E,-1.05688582251082,1.1875,-0.1735919774176,2016-02-05 23:12:58:784
0000 0000 0000 0000 0000 001E,-0.925359286165509,0.5625,-0.151988932849522,2016-02-05 23:12:58:793
0000 0000 0000 0000 0000 001E,-0.679741879350348,-3.9375,-0.11164662677531,2016-02-05 23:12:58:824
0000 0000 0000 0000 0000 001E,-0.816068941504178,1.1875,-0.134038150808242,2016-02-05 23:12:58:843
0000 0000 0000 0000 0000 001E,-0.745767182475884,-5.75,-0.12249118792377,2016-02-05 23:12:58:868
0000 0000 0000 0000 0000 001E,-0.525165364069838,-3.3125,-0.0862576562939784,2016-02-05 23:12:58:896
0000 0000 0000 0000 0000 001E,-0.639400173846293,10.375,-0.105020559624357,2016-02-05 23:12:58:932
0000 0000 0000 0000 0000 001E,-1.45005320728568,-3.3125,-0.237259864840854,2016-02-05 23:12:58:970
0000 0000 0000 0000 0000 001E,0.028600453946406,-3.9375,0.00467964885951557,2016-02-05 23:12:59:004
0000 0000 0000 0000 0000 001E,0.442974774456929,8.5,0.0724801921663915,2016-02-05 23:12:59:024
0000 0000 0000 0000 0000 001E,1.14188409171985,13.6875,0.186836775301856,2016-02-05 23:12:59:066
0000 0000 0000 0000 0000 001E,1.2167355092091,-16.125,0.199084075681882,2016-02-05 23:12:59:097
0000 0000 0000 0000 0000 001E,-0.742583975270275,-11.5625,-0.122910451079218,2016-02-05 23:12:59:192
0000 0000 0000 0000 0000 001E,-0.647319579086917,-2.6875,-0.107142551021283,2016-02-05 23:12:59:216
0000 0000 0000 0000 0000 001E,-0.582431263791972,3.3125,-0.0964024160759126,2016-02-05 23:12:59:233
0000 0000 0000 0000 0000 001E,-0.608715639219597,22.875,-0.100752933388071,2016-02-05 23:12:59:249
0000 0000 0000 0000 0000 001E,0.430661686435523,-1.8125,0.0712819343065693,2016-02-05 23:12:59:282
0000 0000 0000 0000 0000 001E,0.979697532102729,-20.75,0.162156832899762,2016-02-05 23:12:59:305
0000 0000 0000 0000 0000 001E,-0.526127343581639,21.3125,-0.0870831465238575,2016-02-05 23:12:59:319
0000 0000 0000 0000 0000 001E,0.0972245728963406,5.1875,0.0159865014354082,2016-02-05 23:12:59:385
0000 0000 0000 0000 0000 001E,0.616030594543447,6.375,0.101293054734466,2016-02-05 23:12:59:398
0000 0000 0000 0000 0000 001E,0.558904411428049,5.1875,0.0918998758171634,2016-02-05 23:12:59:420
0000 0000 0000 0000 0000 001E,0.600826554229575,1.1875,0.0987930755104809,2016-02-05 23:12:59:471
0000 0000 0000 0000 0000 001E,0.313894192445164,11.5625,0.0516131859323372,2016-02-05 23:12:59:510
0000 0000 0000 0000 0000 001E,0.725910034980324,-10.375,0.119360378456617,2016-02-05 23:12:59:521
0000 0000 0000 0000 0000 001E,0.437136302596239,-5.75,0.071877714869209,2016-02-05 23:12:59:549
0000 0000 0000 0000 0000 001E,0.154431415649313,-3.3125,0.0250768198618641,2016-02-05 23:12:59:591
0000 0000 0000 0000 0000 001E,-0.327991704171425,6.375,-0.0532598166448863,2016-02-05 23:12:59:606
0000 0000 0000 0000 0000 001E,-0.163499190788005,4.5625,-0.0265492596678762,2016-02-05 23:12:59:633
0000 0000 0000 0000 0000 001E,-0.0644709189736373,1.8125,-0.0104688907670318,2016-02-05 23:12:59:656
0000 0000 0000 0000 0000 001E,0.110826082844714,5.1875,0.0179961162941348,2016-02-05 23:12:59:682
0000 0000 0000 0000 0000 001E,-0.0139628610237346,8.5,-0.00226731166826543,2016-02-05 23:12:59:717
0000 0000 0000 0000 0000 001E,0.371834940982358,1.8125,0.0603791514450378,2016-02-05 23:12:59:733
0000 0000 0000 0000 0000 001E,-0.0213549639186529,-5.1875,-0.00346765313970006,2016-02-05 23:12:59:756
0000 0000 0000 0000 0000 001E,0.699766122611465,-1.8125,0.114309739604378,2016-02-05 23:12:59:811
0000 0000 0000 0000 0000 001E,-0.22850916961596,10.375,-0.0373279340510688,2016-02-05 23:12:59:845
0000 0000 0000 0000 0000 001E,-0.290616987913193,17.6875,-0.0474735074184361,2016-02-05 23:12:59:867
0000 0000 0000 0000 0000 001E,1.24576324611368,-9.75,0.20350066639483,2016-02-05 23:12:59:883
0000 0000 0000 0000 0000 001E,-0.439271141241486,9.125,-0.0717567886591048,2016-02-05 23:12:59:907
0000 0000 0000 0000 0000 001E,0.329351064228435,24.6875,0.0538008817144189,2016-02-05 23:12:59:933
0000 0000 0000 0000 0000 001E,-0.192282133574864,11.5625,-0.0314100953294087,2016-02-05 23:12:59:946
0000 0000 0000 0000 0000 001E,-0.0384928064643278,-8.5,-0.00625729717653663,2016-02-05 23:13:00:000
0000 0000 0000 0000 0000 001E,0.421004699086049,-13.6875,0.0684375018834001,2016-02-05 23:13:00:046
0000 0000 0000 0000 0000 001E,0.142680512535794,-22.25,0.0231937977571055,2016-02-05 23:13:00:063
0000 0000 0000 0000 0000 001E,0.353881388223926,-4.5625,0.0575260994132634,2016-02-05 23:13:00:153
0000 0000 0000 0000 0000 001E,-1.2953778480025,7,-0.210573478407341,2016-02-05 23:13:00:159
0000 0000 0000 0000 0000 001E,0.0697743998285225,24.0625,0.0115044352561455,2016-02-05 23:13:00:862
0000 0000 0000 0000 0000 001E,-0.34812364383137,20.75,-0.0573987871115202,2016-02-05 23:13:00:894
0000 0000 0000 0000 0000 001E,-0.194978251568739,18.25,-0.0321481041333453,2016-02-05 23:13:00:968
0000 0000 0000 0000 0000 001E,0.213798164450487,-9.75,0.0352899308584023,2016-02-05 23:13:02:254
0000 0000 0000 0000 0000 001E,-0.312227510536259,14.9375,-0.0515368655630689,2016-02-05 23:13:02:307
0000 0000 0000 0000 0000 001E,0.533813570474147,-0.5625,0.0881122812336969,2016-02-05 23:13:02:332
0000 0000 0000 0000 0000 001E,-0.336661260498934,20.75,-0.0554174914401538,2016-02-05 23:13:03:714
0000 0000 0000 0000 0000 001E,0.287939408334428,20.125,0.0473974334706877,2016-02-05 23:13:03:730
0000 0000 0000 0000 0000 001E,0.367053492106882,-8.1875,0.0604203279188283,2016-02-05 23:13:03:744
0000 0000 0000 0000 0000 001E,0.34875986571908,-34.125,0.0574090313940873,2016-02-05 23:13:03:772
0000 0000 0000 0000 0000 001E,-0.649721597389428,-3,-0.106950057183445,2016-02-05 23:13:03:788
0000 0000 0000 0000 0000 001E,-0.0839280233271945,-8.8125,-0.0136505323926042,2016-02-05 23:13:04:084
0000 0000 0000 0000 0000 001E,-0.425231078299422,22.25,-0.0691620078556935,2016-02-05 23:13:04:123
0000 0000 0000 0000 0000 001E,-0.0915584567785488,0,-0.0148915896088721,2016-02-05 23:13:04:193
0000 0000 0000 0000 0000 001E,-0.25357356148733,5.75,-0.0418783751424161,2016-02-05 23:13:04:252
0000 0000 0000 0000 0000 001E,-0.0327727532049142,-13.6875,-0.00541251085134833,2016-02-05 23:13:04:281
0000 0000 0000 0000 0000 001E,0.123558158660538,4.5625,0.0204059717028139,2016-02-05 23:13:04:305
0000 0000 0000 0000 0000 001E,-0.66216605641443,13.0625,-0.109358555972656,2016-02-05 23:13:04:324
0000 0000 0000 0000 0000 001E,0.332652434651654,2.6875,0.0549384698020899,2016-02-05 23:13:04:351
0000 0000 0000 0000 0000 001E,0.0967247165757479,-9.75,0.0159743545129229,2016-02-05 23:13:04:417
0000 0000 0000 0000 0000 001E,-0.279617036506799,2.6875,-0.0454292504478959,2016-02-05 23:13:04:464
0000 0000 0000 0000 0000 001E,0.0148598937886114,-6.375,0.00241428006313751,2016-02-05 23:13:04:497
0000 0000 0000 0000 0000 001E,0.187287241693436,-18.875,0.0304284714367889,2016-02-05 23:13:04:518
0000 0000 0000 0000 0000 001E,0,-10.9375,0,2016-02-05 23:13:04:548
0000 0000 0000 0000 0000 001E,-0.207338110403398,-1.1875,-0.0336861267917787,2016-02-05 23:13:04:572
0000 0000 0000 0000 0000 001E,-0.323141760660643,11.5625,-0.0531046443156357,2016-02-05 23:13:04:680
0000 0000 0000 0000 0000 001E,-1.07788355408389,19.5,-0.177137806751666,2016-02-05 23:13:04:684
0000 0000 0000 0000 0000 001E,0.418809182763235,-1.8125,0.068826488539562,2016-02-05 23:13:04:713
0000 0000 0000 0000 0000 001E,-0.47394839676005,26.5,-0.0778879863204683,2016-02-05 23:13:04:743
0000 0000 0000 0000 0000 001E,0.0752185550335051,5.75,0.0123613073185711,2016-02-05 23:13:04:769
0000 0000 0000 0000 0000 001E,0.134651844191659,7,0.0221284871309217,2016-02-05 23:13:04:783
0000 0000 0000 0000 0000 001E,-0.265702372530882,9.75,-0.0439298494126562,2016-02-05 23:13:05:500
0000 0000 0000 0000 0000 001E,-0.0660107138028905,26.5,-0.0109138683609078,2016-02-05 23:13:05:514
0000 0000 0000 0000 0000 001E,0.108952438861121,12.5,0.0180136300128611,2016-02-05 23:13:05:559
0000 0000 0000 0000 0000 001E,0.225346709433263,-9.125,0.0372576538054445,2016-02-05 23:13:05:570
0000 0000 0000 0000 0000 001E,-0.233104580038788,2.6875,-0.0385402998135224,2016-02-05 23:13:05:603
0000 0000 0000 0000 0000 001E,-0.183650681711333,13.6875,-0.0303638492771562,2016-02-05 23:13:05:625
0000 0000 0000 0000 0000 001E,-0.690312794533458,1.8125,-0.113569420542932,2016-02-05 23:13:05:996
0000 0000 0000 0000 0000 001E,0.0968860062503097,7,0.0159395677954993,2016-02-05 23:13:06:016
0000 0000 0000 0000 0000 001E,0.203136143468442,-3.3125,0.0335669749603595,2016-02-05 23:13:06:148
0000 0000 0000 0000 0000 001E,-0.109022175168574,3.3125,-0.0180152313690842,2016-02-05 23:13:06:215
0000 0000 0000 0000 0000 001E,0.391859356974468,-1.8125,0.0647523035485213,2016-02-05 23:13:06:235
0000 0000 0000 0000 0000 001E,0.0702024226013617,8.8125,0.011387254274349,2016-02-05 23:13:06:301
0000 0000 0000 0000 0000 001E,-0.719449304724193,27.125,-0.116698995089082,2016-02-05 23:13:06:312
0000 0000 0000 0000 0000 001E,0.61349091051867,-3.625,0.0995119076267104,2016-02-05 23:13:06:338
0000 0000 0000 0000 0000 001E,-0.207950335027398,5.75,-0.0337307923807621,2016-02-05 23:13:06:373
0000 0000 0000 0000 0000 001E,1.09021769466927,-3,0.176839853149922,2016-02-05 23:13:06:384
0000 0000 0000 0000 0000 001E,-0.206948943448777,-8.8125,-0.0335683606567359,2016-02-05 23:13:06:417
0000 0000 0000 0000 0000 001E,0.795966536859262,-18.875,0.129110549368899,2016-02-05 23:13:06:422
0000 0000 0000 0000 0000 001E,1.80111121357433,0.5625,0.291993171614319,2016-02-05 23:13:06:480
0000 0000 0000 0000 0000 001E,-0.420370410227713,-13.6875,-0.0681497557786079,2016-02-05 23:13:06:503
0000 0000 0000 0000 0000 001E,0.0815353519892017,-18.875,0.0132183764370497,2016-02-05 23:13:06:575
0000 0000 0000 0000 0000 001E,-0.105627613931353,-7.625,-0.017124174103975,2016-02-05 23:13:06:602
0000 0000 0000 0000 0000 001E,0.0332775335650513,20.125,0.00539489871359925,2016-02-05 23:13:06:632
0000 0000 0000 0000 0000 001E,0.109880450070324,-10.625,0.0178136368663048,2016-02-05 23:13:06:650
0000 0000 0000 0000 0000 001E,-0.0506270736849386,2.6875,-0.00837503286764906,2016-02-05 23:13:06:904
0000 0000 0000 0000 0000 001E,-0.0629248687135537,37.8125,-0.0104094075622091,2016-02-05 23:13:06:984
0000 0000 0000 0000 0000 001E,-0.0262150354343381,13.0625,-0.0043366477145307,2016-02-05 23:13:07:002
0000 0000 0000 0000 0000 001E,0.195319010633687,-8.5,0.032310837160246,2016-02-05 23:13:07:032
0000 0000 0000 0000 0000 001E,0.0736768810984817,9.125,0.0121880696606256,2016-02-05 23:13:07:052
0000 0000 0000 0000 0000 001E,-0.0638610057546435,2.6875,-0.0105236482979363,2016-02-05 23:13:07:331
0000 0000 0000 0000 0000 001E,0.18768017296604,-10.375,0.0309277956000066,2016-02-05 23:13:07:389
0000 0000 0000 0000 0000 001E,0.13395459689311,-7.875,0.0220743636736792,2016-02-05 23:13:07:474
0000 0000 0000 0000 0000 001E,-0.233486277495344,19.5,-0.0379961395435873,2016-02-05 23:13:07:528
0000 0000 0000 0000 0000 001E,0.352688538315057,-10.625,0.0573943919145739,2016-02-05 23:13:07:543
0000 0000 0000 0000 0000 001E,0.0742735774044112,-4.25,0.0120868311479921,2016-02-05 23:13:07:659
0000 0000 0000 0000 0000 001E,-0.911567721459905,0.5625,-0.148584795673986,2016-02-05 23:13:07:899
0000 0000 0000 0000 0000 001E,0.157020446993247,8.5,0.0255942048888748,2016-02-05 23:13:07:927
0000 0000 0000 0000 0000 001E,0.105375778456036,-9.75,0.0171761660075038,2016-02-05 23:13:07:959
0000 0000 0000 0000 0000 001E,-0.589744029645894,29.25,-0.0961277961932998,2016-02-05 23:13:07:978
0000 0000 0000 0000 0000 001E,-3.67733750487865,22.875,-0.599403016280138,2016-02-05 23:13:08:047
0000 0000 0000 0000 0000 001E,0.129551936853277,-6.375,0.0211168601227835,2016-02-05 23:13:08:062
0000 0000 0000 0000 0000 001E,1.21739110508176,-30.5,0.198433757959538,2016-02-05 23:13:08:075
0000 0000 0000 0000 0000 001E,-0.366810531638255,3.9375,-0.0605131479194261,2016-02-05 23:13:08:329
0000 0000 0000 0000 0000 001E,-0.585988455517872,18.25,-0.0966711777043506,2016-02-05 23:13:08:348
0000 0000 0000 0000 0000 001E,-0.173585862258419,9.75,-0.028636655857864,2016-02-05 23:13:08:404
0000 0000 0000 0000 0000 001E,0.155913227428753,-4.5625,0.0257211813190135,2016-02-05 23:13:08:447
0000 0000 0000 0000 0000 001E,-0.182453198565129,-2.6875,-0.0300995103489352,2016-02-05 23:13:08:474
0000 0000 0000 0000 0000 001E,0,16.125,0,2016-02-05 23:13:08:518
0000 0000 0000 0000 0000 001E,-4.44740302359224,7,-0.726106616096692,2016-02-05 23:13:08:574
0000 0000 0000 0000 0000 001E,-0.246038637345235,-1.8125,-0.04016957344412,2016-02-05 23:13:08:622
0000 0000 0000 0000 0000 001E,-0.203832707159257,46.0625,-0.0332788093321236,2016-02-05 23:13:08:656
0000 0000 0000 0000 0000 001E,1.15927998391667,12.5,0.189270201455783,2016-02-05 23:13:08:669
0000 0000 0000 0000 0000 001E,-1.03247182325952,9.4375,-0.167201914697899,2016-02-05 23:13:08:721
0000 0000 0000 0000 0000 001E,0.154143084242807,-4.25,0.0249624427923574,2016-02-05 23:13:08:744
0000 0000 0000 0000 0000 001E,0.115770469453883,11.25,0.0187482541625721,2016-02-05 23:13:08:769
0000 0000 0000 0000 0000 001E,-0.192539925078865,8.8125,-0.0311805546686421,2016-02-05 23:13:08:787
0000 0000 0000 0000 0000 001E,0.179083550674438,-7.625,0.0290013847246054,2016-02-05 23:13:08:811
0000 0000 0000 0000 0000 001E,0.27046598042836,1.8125,0.0438001587738234,2016-02-05 23:13:08:833
0000 0000 0000 0000 0000 001E,-0.216067308300146,8.1875,-0.0349906572145985,2016-02-05 23:13:08:864
0000 0000 0000 0000 0000 001E,0.964276898039793,-17.0625,0.156158202111707,2016-02-05 23:13:08:878
0000 0000 0000 0000 0000 001E,0.0739573551240499,4.5625,0.0121473892894689,2016-02-05 23:13:08:952
0000 0000 0000 0000 0000 001E,0.17844673436358,1.1875,0.0293096196600459,2016-02-05 23:13:08:971
0000 0000 0000 0000 0000 001E,0.15129948098226,-9.125,0.024850722307516,2016-02-05 23:13:08:997
0000 0000 0000 0000 0000 001E,-0.556882172642384,32,-0.091467096519417,2016-02-05 23:13:09:025
0000 0000 0000 0000 0000 001E,0.317799482933179,7.875,0.0521981083383267,2016-02-05 23:13:09:053
0000 0000 0000 0000 0000 001E,-0.285440263061747,5.75,-0.0468831529803033,2016-02-05 23:13:09:067
0000 0000 0000 0000 0000 001E,-0.161016075845012,5.75,-0.0266509366915882,2016-02-05 23:13:09:310
0000 0000 0000 0000 0000 001E,-0.845931201066134,40.875,-0.140016198797153,2016-02-05 23:13:09:340
0000 0000 0000 0000 0000 001E,1.81962849094656,-13.0625,0.301179888156671,2016-02-05 23:13:09:363
0000 0000 0000 0000 0000 001E,-0.966595823068802,-1.1875,-0.159988274163112,2016-02-05 23:13:09:386
0000 0000 0000 0000 0000 001E,-0.141325976845152,26.5,-0.0233918858226458,2016-02-05 23:13:09:400
0000 0000 0000 0000 0000 001E,0.0570355390725382,4.5625,0.0094403650878684,2016-02-05 23:13:09:425
0000 0000 0000 0000 0000 001E,0.483280348997332,-25.3125,0.0799912301788688,2016-02-05 23:13:09:449
0000 0000 0000 0000 0000 001E,-0.149357008122897,-9.75,-0.024558565325771,2016-02-05 23:13:09:551
0000 0000 0000 0000 0000 001E,-0.301477965578451,13.0625,-0.0495716030000194,2016-02-05 23:13:09:577
0000 0000 0000 0000 0000 001E,0.938794091547734,-7.875,0.154364608092256,2016-02-05 23:13:09:591
0000 0000 0000 0000 0000 001E,-0.0563783080084983,-3.9375,-0.00927020685258947,2016-02-05 23:13:09:634
0000 0000 0000 0000 0000 001E,-0.855364000808517,14.3125,-0.14064631419159,2016-02-05 23:13:09:649
0000 0000 0000 0000 0000 001E,0.187899029211125,13.0625,0.0308959763021855,2016-02-05 23:13:09:677
0000 0000 0000 0000 0000 001E,-0.383483012377482,15.5625,-0.0622705838772637,2016-02-05 23:13:09:739
0000 0000 0000 0000 0000 001E,1.23868402209493,-2.6875,0.20113948937942,2016-02-05 23:13:09:751
0000 0000 0000 0000 0000 001E,0.04598617912978,3.9375,0.0074673091956341,2016-02-05 23:13:09:783
0000 0000 0000 0000 0000 001E,0.404099286612818,-33.25,0.0656182874066822,2016-02-05 23:13:09:813
0000 0000 0000 0000 0000 001E,-1.15641555001558,6.375,-0.187780603520798,2016-02-05 23:13:09:829
0000 0000 0000 0000 0000 001E,0.177433152651182,-9.75,0.0288118786443057,2016-02-05 23:13:09:862
0000 0000 0000 0000 0000 001E,-0.309876752437547,5.75,-0.0503182818572471,2016-02-05 23:13:09:880
0000 0000 0000 0000 0000 001E,0.31635465985547,0.5625,0.0514258455468116,2016-02-05 23:13:10:144
0000 0000 0000 0000 0000 001E,-0.211064983249882,-3.9375,-0.0343102113112786,2016-02-05 23:13:10:172
0000 0000 0000 0000 0000 001E,-0.18658053114253,8.5,-0.0303300782133616,2016-02-05 23:13:10:196
0000 0000 0000 0000 0000 001E,1.40663087235928,-32,0.228658499977126,2016-02-05 23:13:10:209
0000 0000 0000 0000 0000 001E,-0.446077374003959,-13.0625,-0.0725132550534748,2016-02-05 23:13:10:229
0000 0000 0000 0000 0000 001E,-0.24168920591147,19.5,-0.0392884106060368,2016-02-05 23:13:10:257
0000 0000 0000 0000 0000 001E,-0.0504787811433886,8.5,-0.00820570812409461,2016-02-05 23:13:10:276
0000 0000 0000 0000 0000 001E,-1.74788900115473,1.8125,-0.283671463536067,2016-02-05 23:13:10:534
0000 0000 0000 0000 0000 001E,0.174236814872966,10.9375,0.0282775463683472,2016-02-05 23:13:10:562
0000 0000 0000 0000 0000 001E,-0.0914784081683632,4.5625,-0.014846374060324,2016-02-05 23:13:10:594
0000 0000 0000 0000 0000 001E,-0.180413615599073,15.5625,-0.0292800025316321,2016-02-05 23:13:10:624
0000 0000 0000 0000 0000 001E,-0.169306952149792,16.125,-0.0274774604516838,2016-02-05 23:13:10:641
0000 0000 0000 0000 0000 001E,0.521437481587863,-16.125,0.0855049163576709,2016-02-05 23:13:10:769
0000 0000 0000 0000 0000 001E,-0.197994667766003,1.1875,-0.032467013025308,2016-02-05 23:13:10:842
0000 0000 0000 0000 0000 001E,-0.26160798920211,9.4375,-0.0428982764474627,2016-02-05 23:13:10:866
0000 0000 0000 0000 0000 001E,-0.658703830767084,29.25,-0.108607391717574,2016-02-05 23:13:10:988
0000 0000 0000 0000 0000 001E,-0.140979139598671,16.75,-0.0232447056222047,2016-02-05 23:13:11:009
0000 0000 0000 0000 0000 001E,-0.0406505827667545,5.75,-0.00670248685354568,2016-02-05 23:13:11:104
