1,-0.00442203631588527,145243
1,-0.0288778572907106,179060
1,0.0555917931688809,326269
1,0,473887
3,9.59523699922797E-11,554465
1,-0.00846483396465195,589254
1,0.161575529450695,601342
3,1.95826089248503,675397
1,-0.137830351787163,750132
3,0,775340
1,-0.0245342804743232,875006
3,-2.13958269462287,909073
3,0.286193127701664,950020
1,0.0358026202771639,970473
1,-0.159591387682682,991890
3,0.577032109487251,1067641
1,0,1145582
3,0.00421531704579774,1183476
3,-0.105289757412399,1211301
1,0.178988728005865,1260619
3,-0.858465686730287,1329608
1,-0.0280772013723837,1364963
1,0.10932077689466,1382829
3,0,1400805
1,-0.0665959151663945,1510518
3,2.06568419038551,1566742
1,-2.4614173794828,1611292
3,1.58225661359707,1695766
1,0.0205700368615061,1740862
1,-0.0978388825808178,1755834
3,-2.87669926910648,1781483
3,-0.0941537311993838,1797041
3,-0.613641270379978,1945839
1,2.02548762643482,1995901
3,0.19247972936235,2092973
1,0.0373403624823156,2153168
3,-0.019698291512022,2192125
3,-0.141210174965055,2212872
3,3.65938387550893,2334696
1,-0.014410661583866,2367344
1,-0.0764572133201104,2678262
3,0.679011016085783,2739746
1,0.0150346783877821,2775693
1,-0.0338367520182945,2804554
3,-3.00659422572024,2824683
1,-0.0559218061043327,2926642
3,-0.856092595418764,2965562
3,0.2349702579869,3002967
1,-0.027858273743867,3031806
1,0.0659171447856923,3046621
3,2.38092338715239,3147959
1,0,3198841
3,0.127024258584807,3247903
3,-2.71726802564722,3252036
1,0.0653875125544022,3335854
1,-2.66933210233581,3430425
3,-1.4775106366711,3529966
1,-0.217538744271893,3574067
3,0.0554504170839227,3626829
3,0.0695042489893526,3661955
1,0.0709092724368283,3724322
3,0.408671953465015,3805331
1,0,3838581
1,-0.096636732472416,3858792
3,-0.134294969964808,3965310
1,-0.0556720792794167,4011736
3,-0.0387244356765438,4066183
1,-0.312800288276748,4151503
3,-0.331814780357576,4189793
3,0.0464057451054932,4210837
1,0.0367560573982591,4257778
1,-0.0236685046049433,4278408
3,1.84695556054092,4386908
1,-0.0184229267280411,4463011
3,-2.07256192965281,4529913
1,-0.0527671961960357,4595549
3,0.0493952725383264,4638650
3,-0.0830071484428125,4668062
1,0.0159061356454889,4687642
3,3.52582644417851,4790900
1,0.00929714201391895,4824482
1,0.0154363065882644,4856114
3,-0.0252023933644401,4887772
1,0.032454719175807,4989804
3,-2.85090285383397,5022906
3,0.0944761817231972,5074589
1,0.0138391254440324,5095652
3,0.557978116544652,5210228
1,2.48954391555467,5239601
3,0,5292135
1,0.0996831405239874,5400313
3,-0.178496684359829,5428911
3,4.35204979330915,5486243
1,0.0519531042187563,5541669
1,0.00462164342978278,5647320
1,0,5669065
3,0.0307873522995246,5701212
1,-0.0644652444659602,5817217
3,0.15125125165687,5840028
3,0.0542305748683889,5885047
1,0.0267524983837208,5908476
1,-0.00374580948800943,6077877
3,0.363452504891088,6282709
1,0.113828423230468,6361654
3,-0.663011436352853,6422861
1,-0.0256936039781103,6456674
1,0,6480672
3,0.151495749927783,6516330
1,-0.126834534710046,6626139
3,-2.35106344759886,6650287
3,-0.110378472771662,6694524
3,1.9442242738446,6868316
1,0.00394953692469468,6896910
1,0.2171747590808,7217498
1,0,7328020
3,-0.695128407973698,7435882
1,0,7477643
1,0.0382425791040085,7490411
3,0.0112617482557804,7522597
1,0,7628555
3,3.2023638029147,7655098
3,0,7678055
1,-2.91729325216362,7714753
3,-0.275915546211504,7798393
1,0.0166246042014225,7855192
3,-0.0185776587750753,7903526
3,-0.0378131534112894,7929352
1,2.2607044355021,8118596
1,-0.0579768760389454,8152284
3,-0.12837371528991,8218425
1,0.102648383027926,8291107
3,-2.01482245432409,8340809
1,0.300712086220168,8419227
3,1.40464748043971,8484723
1,-2.19689101063691,8534580
3,2.90408269171316,8645144
1,0.0685878181596838,8688335
3,-0.00970178723996067,8745802
1,0.0451526955798022,8835848
3,-3.80231708925267,8857653
3,-0.0476557925043919,8898637
1,-0.0126904309142418,8951277
3,0.502522489184227,9056046
1,-0.0479977636881923,9108501
3,0.0122688355088759,9135643
3,-0.696193059262238,9299761
3,0.145271359151088,9340095
1,0.00909132167161586,9350554
3,3.01427889457095,9493013
1,0.0228493397162325,9505455
3,-1.52514200783599,9621395
3,-2.15982112535552,9739180
3,0.0576994091580502,9756105
1,0.0283283294172252,9833373
3,0.779321180079304,9916501
1,0.00485731161402635,9933898
3,-0.185620040232525,10042767
1,0.0754422727799449,10095950
3,0.0227091714531544,10128773
3,0.0230549719061342,10149952
1,-0.0189963138032983,10244544
1,-0.0113711564884608,10373365
1,0.032363654942336,10493729
1,-0.135799657915232,10511707
1,0.0262516801075268,10648660
3,0.444632844040191,10727588
1,-0.0146171567844812,10748874
1,0.0331881903143586,10778299
3,0.0187253125479371,10857968
1,0.0630548829701371,10919440
3,-0.0486269310726866,10938299
3,0.0749521676680849,10983901
1,-0.0838899149557626,11049690
3,-2.34068525217915,11106770
1,-0.0108886838525518,11139376
3,0.536323454860378,11248796
3,0.0577888666650889,11333290
1,0.0578395226249705,11430127
3,-3.15913791521996,11484481
1,-0.0493917396288762,11519100
1,0.0372762233758302,11532199
3,0.024367155725229,11564635
3,0.640346517386907,11707990
1,-2.06754775774406,11790033
3,-0.359451495954131,11875074
1,0.0733485428871865,11933715
3,0.0306212437940947,11970749
3,0.0158060743881911,12001641
1,0.0289429032927298,12163475
1,-0.156175035982728,12175981
3,-0.249965004899314,12251676
3,0.00545827883787745,12341133
3,-0.0304728211689082,12373180
1,-0.0306686852931632,12413847
3,3.36284411742323,12504585
1,-2.26931300818511,12542286
1,-0.097243935712579,12567392
3,0,12602557
1,-0.0122081503304471,12806261
3,-0.0926739089174747,12908148
1,0.00912283037198958,12940856
1,0.03037897405587,12956929
3,0.0105182023803116,13000993
1,0.0219100209775304,13182955
1,0.024704338477105,13202720
3,-0.0646920781289851,13302904
1,0,13349632
3,-0.00635402298102766,13379750
3,0.0913699943862283,13411814
1,0.0364606668160094,13489491
3,0.261969471364442,13559061
1,0.0109988117763661,13578279
3,-3.07542147216079,13701953
1,0.0252276543528794,13752783
3,-0.0410307448294697,13797156
3,-0.0930413967225609,13828644
1,0,13842513
3,0.556516024509557,13927789
1,-0.00459316736590595,13970926
1,-0.104916469703481,13989542
3,-0.0112603198579436,14014515
3,-0.189095700755742,14190104
3,-0.232449768972277,14225814
1,2.11430481985959,14243047
3,-0.172929515751466,14341581
1,0.0388048358896925,14365938
3,0.0058276492773342,14425368
3,2.82956944062317,14541676
1,-0.0183589226361463,14651172
3,-0.439241255688433,14726652
1,-0.0106809854533523,14773778
1,0.483720457118596,14780844
3,-0.00519050567650309,14820724
3,0,14857754
1,-0.0898566893632691,14916420
3,3.18088091807704,14994834
1,0.0141222427356691,15020146
3,-0.623625884907313,15186662
1,0.00975518694996315,15260249
3,0.394205311772807,15334061
3,-3.02222312225197,15416620
1,0.215061269112188,15501502
3,-2.15788238520911,15570617
1,-0.0119521516167724,15624061
1,-0.0383025768748038,15636809
3,0.0356796604242349,15666413
1,-0.394756787711378,15759229
3,-0.734344128748784,15802057
3,-0.0724166378287524,15822285
1,0.0089405057265015,15868458
1,-0.0290277298884738,15984521
1,0.0990428498985762,15999311
1,1.95466134860863,16280192
3,0.703980543413348,16388263
1,0.0281138444265317,16407878
3,0.010209001954901,16483920
1,0.213845802919705,16566349
3,-2.41229737288645,16617108
1,-0.0150742860818106,16663524
3,-0.438816214608511,16765322
1,0.0202907321026003,16800899
1,-0.0507938468740247,16810512
3,-3.58304262726065,16834550
1,0.0210375376992675,16951120
3,0.708227249932493,17006840
1,0.00486132544154834,17051562
1,0.102450954678976,17226700
1,0.101485641540807,17382110
1,0,17538691
3,-0.667537253919067,17610300
1,-2.26716241951573,17648961
3,0.0128050259624463,17686564
1,-0.09648873629088,17782629
3,3.51457343321679,17808406
3,0.0090467687547487,17862379
1,-2.293394447264,17890999
3,-0.384267903810174,17997071
1,-0.00422381316932232,18031518
1,0.0795807980659532,18049925
1,0.14653566248187,18347295
3,-0.0872086533309519,18411397
1,-0.015653719357114,18440873
1,-0.0398873708287396,18465356
3,-2.43462239923708,18514684
1,-0.0712264781678505,18602327
3,-0.289151944334781,18646400
3,-0.130357313119756,18672620
1,0.0132173906178099,18713154
3,2.90304246685243,18812223
1,0.00940050922182431,18844852
1,-0.0972207012583629,18869964
3,-0.00913136068670134,18919169
1,-0.152365690659456,19024802
3,-3.02367274592948,19059016
3,-0.00821413851692354,19118460
1,0.0464919066888851,19171939
3,0.499491717228548,19274869
1,-0.0086279442687261,19285125
1,0.0375528744472229,19311130
3,-0.997936136884829,19379088
3,-0.00440997498238833,19489810
3,3.11626380744579,19636470
3,-0.0567373053683471,19679500
1,-0.0088017458157205,19714185
3,-3.58377875712809,19807164
3,0.0848240653880898,19922292
1,-0.0419774114511693,20015405
3,0.970407143737896,20060161
3,-0.424592391304348,20091211
1,0.0197012719771629,20114542
1,-0.154747913585464,20133474
3,-0.0964435768510727,20207657
1,-0.185949921454753,20273937
3,0.0566925099851384,20293785
1,0,20526021
3,-1.29191911047549,20611159
1,-0.0331867402322511,20654306
1,0.124269889544948,20673952
3,-0.00500693440387199,20708680
3,0.554817771212681,20743883
1,0.0145192164733868,20811136
3,0.49605610264885,20891532
1,-0.0405170625453791,20907546
1,-0.06924403681434,20942804
3,0.195579126237401,21013865
1,-0.424331931806564,21081676
3,2.71184298746687,21108574
1,-0.0222057051252923,21209978
3,-1.95813990616232,21259686
3,0,21287566
1,0.00975109586715825,21310127
3,2.74644557082676,21415039
3,-0.0608946832874165,21503242
1,-0.0562341644592886,21596922
3,-0.573876930592409,21670610
1,-0.0321612476005871,21703198
1,-0.368653265383164,21711145
3,-0.114797550063617,21742918
1,-0.28658366592323,21853974
3,2.42973922026393,21879772
1,0.0746037051184107,21989045
3,-0.362836995922066,22053482
1,0.1283154241956,22084178
1,-0.0481515950889994,22104459
3,-0.0817882407789974,22143033
3,-0.827481621856822,22274031
3,-0.0818268465373497,22321769
1,-0.146232948672122,22345608
3,3.93285919173048,22435246
1,3.58067783078379,22495358
3,0.147482833784722,22534569
3,-0.449979748008244,22635485
1,1.01354037630989,22851477
3,-0.132521556972043,23029731
1,3.18370138942793,23080278
1,-1.54897523339073,23091311
3,-1.92029469853125,23145680
3,-3.15807754497527,23164079
1,-0.700072034698913,23301423
3,1.40989494946936,23361484
1,0.0404524460461456,23451282
3,-0.0545256343629738,23477900
1,0.0159659474865937,23703500
1,0,23964594
3,-0.422993588319135,24053919
1,0.64115237697335,24124712
3,0.266158594750756,24163992
3,-0.453478517899369,24303969
3,3.28748858298539,24399769
1,-1.67504542017897,24572850
1,0.0554733727810649,24723086
1,2.80145716521059,24738424
3,-0.738870532169379,24800243
1,0.508580235033058,24859112
1,0.677877148607213,24959235
3,0.131277323948052,25056886
1,2.21824654019266,25110683
1,-0.249937037137879,25202503
1,-2.7216256087009,25335885
1,-4.15390441955818,25371737
3,0.609177574620923,25546628
1,-3.75911188805841,25607398
3,-0.214666449666407,25790400
3,0.193813674252448,25797958
1,0.705812734894478,25875818
1,0.395092395248542,25995697
3,1.11008182602012,26198671
1,-1.40246894372771,26286808
3,-3.06407180193326,26344642
1,-3.66615579695675,26386964
1,-0.50758173601075,26426405
1,-1.67249438041888,26555990
3,1.29664910702758,26631213
3,0.412513540246422,26750764
1,-3.03152931075853,26783454
1,-3.50769181430269,26801968
1,-2.56681341994593,26914209
3,2.97948414982183,26953093
1,-2.82533833740517,27054195
3,-0.782427698580382,27121589
3,-1.64420507783905,27224044
3,0.526103360154712,27368829
1,-0.118253470570428,27419402
3,-0.89695670601988,27506556
1,-1.07250274560703,27556002
3,1.92173663496228,27588879
1,-3.7838892901994,27653945
3,3.26869502214421,27767165
3,-0.336830161168945,27846895
1,-1.83412279732641,27952575
3,0.0983553929179917,27966042
3,0.0266980835474884,28002620
3,-3.25156753579785,28138522
3,1.30094773387259,28242863
1,-0.155919450764379,28355541
3,-2.23991146469542,28417780
1,-0.691448071598012,28466410
3,2.39261007487657,28552268
1,-0.509915577264485,28599440
3,0.219153363100305,28681494
1,1.48261792536102,28764091
3,-1.29543367201781,28822087
3,1.26242585173097,28985695
1,0.338613904299584,29033378
1,2.31449176362283,29178811
3,-0.201788567768242,29218485
3,0,29234631
1,-0.869492155274754,29417387
3,0.355647903258546,29569627
1,0.314701109474266,29614546
3,-0.0939535409511165,29673568
3,2.35899192377416,29787204
3,0.664808398608216,29846696
1,-3.9926003073366,30007404
1,-0.745196258555311,30240469
1,1.56184493493991,30272670
3,-0.810479501490729,30355172
3,0.664546347060021,30900363
1,0.601772101852091,31060733
3,0.16675813680218,31591390
1,-0.551537197620952,31857791
1,1.66429797438769,31878328
1,2.01286688927364,31995363
3,-0.459736991498435,32060833
1,-0.895568615383106,32097319
1,1.33505578807891,32121092
3,-1.03291416519646,32297194
1,-0.159690804535048,32336306
1,-0.0382979036306277,32481565
1,1.92402214403973,32511765
1,1.85432218437455,32662606
1,-2.15702554312671,32725989
1,2.18336358869851,32751260
1,4.57915904556036,32962847
1,-0.0193793161612955,33129339
3,0.181608638818154,33313502
1,0.376474006462951,33481420
1,-0.662237902132046,33499853
1,-0.47883064516129,33616765
3,0.837648218536861,33698223
1,-3.1180626171705,33736249
1,-2.2668267565133,33750681
3,1.20901470749557,33825845
1,-1.37079726613415,33899273
1,-2.38161517430816,34021577
3,-0.229750077509483,34100005
1,0.207080048863688,34130042
3,-3.48509524223531,34220776
1,-3.41589188773226,34429730
3,-0.0713908444268995,34489111
1,-3.71437250089399,34567980
3,0.112938744434379,34592873
3,2.83815169162507,34728098
3,2.54692157228018,34750912
1,0.714504305493021,34829914
1,2.80176564000089,34964281
1,-0.836609656100846,34980623
3,4.72709638382688,35000214
3,0.661802078235006,35153284
1,-0.791573310800477,35191132
3,2.28831047796565,35303504
1,0.932926961657041,35340053
1,-0.675881765749779,35368228
3,0.81403710717005,35379682
3,-0.503656975266044,35517347
3,-0.611840912088636,35547673
1,0.262988105924596,35593467
3,0.329799169222701,35673519
1,-0.43134386042403,35727814
3,-4.52371643271285,35755444
3,-1.98749334648381,35787382
3,0.725372888462921,35912587
1,1.16746124329953,35967151
3,4.69805445792128,35983573
1,2.17081833124608,36086032
1,-1.68324094976566,36196554
3,-0.0870619466796904,36281017
3,-3.96469919821946,36374247
3,-2.57470422840742,36389229
3,0.404135035481201,36536631
1,0.0509450894075343,36583459
1,-1.11099260523322,36590491
3,-0.323375512857789,36660447
3,2.66465665010844,36789084
3,-1.79065574686941,36822624
3,1.20458964716766,36939365
1,0.917383954133367,37005259
3,-0.522857039054015,37070107
1,1.35747514949644,37131181
3,-0.774699616778745,37152044
1,0.124987521245878,37228847
3,-0.227194737515558,37366877
3,-0.0806429018025669,37409261
1,0.475354669786139,37480705
3,2.81406893640789,37566812
3,-1.40468450333973,37838990
1,-4.21976689309889,38371735
1,0.202387983917765,38407924
3,0.0955163124594316,38626241
3,1.67228185928681,38782161
1,1.02390295423708,38851048
3,-0.187579067811204,38933139
1,-0.0990562449283211,38980667
3,0.0463721038086163,39249028
1,3.69653014715795,39442540
1,1.34823378432652,39462459
1,-2.0909417519249,39672205
3,0.00710839887466651,39798554
1,-2.92964284081035,39821411
1,1.39363357015713,39990603
3,0.142348377111751,40206746
1,0.0332823941536185,40236379
1,0.618243534896213,40262442
3,-3.21781315559611,40334969
1,3.23636658588169,40640961
1,-0.812158429369135,40649378
1,-1.43666074558658,40942374
1,2.65804369746714,41048736
3,0.0610479871322512,41238779
1,-0.757922378260459,41280342
3,-0.885031763277418,41381672
1,-0.345591956908187,41437995
1,-3.15380743602322,41450226
3,0.885937569146347,41472060
3,0.254064637613107,41629654
1,-0.713368978531713,41742659
3,-0.458470620185322,41800382
1,-2.70506164791439,41853490
1,0,41873496
3,-3.33943253770805,41902880
3,-0.832875465385183,42183575
3,-2.83963550421112,42294828
1,-1.6809868574087,42393370
3,-0.165154485344465,42416045
3,1.10981561560983,42493919
3,-0.510783438212088,42617236
3,-1.63187813320602,42715298
3,-3.21771082373397,42830323
1,-3.24681977934748,42868050
1,0.698709158120677,42884822
1,1.1439686107903,43018538
3,-2.73325104629872,43033782
3,-2.17865986971265,43067400
1,0.773756776480401,43114458
3,2.27317310796909,43200577
3,0.364047739196058,43310560
1,-0.102450954678972,43389284
3,-3.03490333846043,43421734
1,1.1636337351931,43620786
3,-1.64861304081511,43677979
3,0.0556621528599868,43792018
3,-3.44296680621083,43888881
1,0.237823439878235,44023458
3,-0.073460659501357,44055052
1,-0.188325619515958,44116797
3,-3.50843101330088,44205198
1,1.67276892771497,44240223
3,-0.386298457278481,44286094
1,0.221204484965173,44390092
3,0.0424392880520841,44683743
3,-1.22170666976445,44711720
3,-2.19005475323271,44837466
3,-0.4220468049974,45206768
3,0.564478733756732,45275104
3,0.754001930244942,45293884
1,-2.18210167982396,45331880
1,0.585553376984698,45352727
3,-1.62040237831858,45439428
3,-0.205678706823926,45508205
1,2.19917795365535,45601435
1,0.131809439257556,45708864
3,-0.0599257548826679,45744500
3,-2.80616746947928,45864910
1,0.273120893975454,45893305
1,0.87414344126951,46149036
1,2.4857543676964,46166322
3,0.609941025271452,46374853
1,0.964982707509881,46425547
3,-2.48282017417145,46495998
1,1.68935058534819,46540522
1,1.32833305890438,46826304
1,0.237796024681892,46922812
3,-0.104026886462775,47270270
1,-0.146691576852304,47319457
3,-2.19764565265733,47382695
3,-0.813661450490039,47544723
1,-3.70680670947151,47589149
3,2.04078704272812,47683016
1,-0.129927801048918,47741554
3,-1.95348261695505,47792246
3,2.56988288840608,47931707
1,-2.18376078854453,48025442
3,3.56620341130841,48079718
1,-2.44236457690798,48114607
1,-1.96855849862925,48127009
3,0.193124673343409,48150511
3,-0.446964929343784,48324372
1,-2.16042292747249,48372637
3,1.89145985124469,48406722
3,1.67226304326056,48556512
3,1.5791951925402,48589596
1,0.253715789380027,48780041
1,-3.05733107226715,48795373
3,-1.50763703465629,48862620
1,-0.388621440573045,48932135
3,-0.164832597897377,48966300
3,-0.682812892179712,48994189
3,0.669801455126415,49115931
3,-1.14075665453849,49220371
1,1.15963712733704,49322484
3,0,49358158
3,-1.35578781470088,49508456
1,-0.0348580246598814,49545927
1,-0.116590556351481,49558491
3,0.165901918377481,49584979
1,1.32003582049203,49698164
3,-1.013666116002,49759860
3,-2.24248980282874,49888327
1,-0.154311843248795,49923119
1,-1.7439245192828,49950838
1,1.29123694301203,50096145
3,-2.27971588230287,50131381
1,2.15869499629591,50221682
3,-1.12681455281342,50393354
1,0.55885059002289,50503401
1,0.451005432102087,50614914
3,-0.688549807689352,50686909
3,1.75518234615591,50761465
3,-0.846667342543909,50797221
3,-3.7882361793201,50901883
3,-0.214183082968993,51544747
1,4.07250133774975,51813614
3,1.05780676867175,51835092
3,0.0327126479135087,51954503
1,0.751582649747527,52026396
1,-1.33117910520423,52046937
3,0.222255469326663,52231727
3,-1.11748990248492,52342274
3,2.30373145144765,52542357
1,-3.28610415573876,52582846
3,-1.29040016038567,52811396
1,-0.575542320246622,52834573
1,2.24848223206916,52958261
1,1.40538222596076,53318693
3,-0.0780998610329663,53342817
3,0.395002557757739,53384846
1,1.42669176789232,53446118
3,2.75166290258465,53513142
1,0.257985866502279,53558408
3,-0.0617530352851901,53608026
3,1.75798829882988,53632468
1,-4.02058841170825,53662608
3,-1.16684080212934,54001972
3,2.22383890769958,54185969
1,-0.71273263593237,54245711
3,0.17933385364062,54273097
3,-0.107014873272296,54414542
3,0.0330654800197738,54562213
1,-0.675338986683432,54590213
3,-4.73795322968621,54635796
3,-1.9643183222834,54680291
1,-4.8960239933153,54728702
3,-0.00390909582175823,54805200
1,-2.11963997274242,54878677
3,2.40376601928802,54943939
1,-1.84326632691582,55007761
3,-0.0543116240621271,55042833
3,1.4636622395175,55070522
1,-3.14600112005974,55101506
3,-2.79082183408421,55174623
1,1.26450752823087,55226237
1,-2.50045309415103,55242445
3,1.86974888651087,55261063
1,-1.04974470208845,55366678
3,3.22488668955899,55420450
1,-2.90308543881559,55460362
1,0.0426632809086936,55483252
3,0.455421145268415,55553397
3,-0.121191672871681,55646064
3,-0.521434384580935,55675093
1,1.41621347835359,55753115
3,-0.44126346643202,55801240
1,2.44516804699538,55876301
3,0.389500002589922,55897768
1,0.572232530885297,55966167
3,-0.0850943253577725,56013062
1,-0.354324459159146,56032314
3,3.91559246623523,56084142
1,-0.755609646011993,56168158
3,-0.53625879808887,56223994
1,0.244238320328131,56258122
1,0.715168436470158,56282701
3,-2.65991720547806,56302562
1,0.650041602662566,56404366
3,1.85395602470289,56454528
1,-0.0302753751240078,56513267
3,-0.882192540424329,56570024
3,-1.13347841857091,56689586
3,-2.55854051028911,56831192
1,-2.36487427573912,57106790
3,-0.135654484049927,57176739
3,0.562615495407359,57268734
3,1.10813753629476,57298697
1,-2.14470455477493,57335290
3,-0.494654312333745,57451700
1,0,57491679
1,2.66058132307041,57510582
3,3.16184116822571,57584046
3,-0.996080637039715,57694361
1,0.237551588152351,57746286
3,0.049056729358812,57843662
1,3.48629467111632,57889108
3,0.776481565489938,57995212
3,2.44210193719232,58096983
3,-0.0322627936172332,58127252
3,-1.99780614420083,58278541
1,2.74715435507397,58309078
1,-0.484534185631119,58324194
3,0.030685967370948,58358102
1,-0.575912899973367,58474091
3,-0.663228763492263,58509763
3,-0.014232285472776,58544071
1,1.55532719692711,58608372
3,3.06545212370652,58685357
1,-0.378428335270887,58729659
1,0.64887873754153,58758254
3,-0.509966056659269,58815574
3,0.0459208744392512,58921905
1,-0.232061807898862,59048802
3,0.0957744472400896,59069754
3,-0.0213713207134267,59115449
1,-0.346710891480234,59148793
1,0.0272996337917914,59296535
3,-0.0502452597835472,59338962
3,-0.0950518298617879,59369784
1,-0.116025389696797,59435368
3,-0.642210034104639,59500558
1,0.132169955760072,59553587
1,-0.022577391686318,59575214
3,0.774462637354786,59640524
3,-0.0603623673637579,59737594
3,-0.044752650311622,59770326
3,0.355625286974145,59896644
1,-0.0514132781016378,59930470
1,0.344016795142774,59954599
3,-0.0301062514643678,59977737
1,0.112862604977269,60100995
3,-2.67902770253671,60136486
3,-0.195326705578588,60163984
1,0.0695623397283682,60255784
3,1.39921408753407,60328697
1,-0.0600654458312433,60361463
3,1.0101844894215,60456787
3,0,60576805
1,-0.0355191132610737,60672599
3,-2.6655286121986,60713460
3,-0.0113752184041933,60756385
1,0,60829133
3,1.82244122637829,60892224
1,0.301501234949058,61062779
3,0.628827846600763,61101192
3,-0.0144839003915519,61134904
1,0.0202933041577311,61183085
3,-0.70678486051408,61294490
1,1.88675477250266,61353094
3,0.049656456769486,61451821
