0000 0000 0000 0000 0000 001E,-0.444785873525745,10.375,-0.0724210377518173,2016-02-08 21:27:09:139
0000 0000 0000 0000 0000 001E,0.143912655840137,-3.3125,0.0234321827690861,2016-02-08 21:27:09:173
0000 0000 0000 0000 0000 001E,0.154923851828349,-7,0.0252250505012237,2016-02-08 21:27:09:186
0000 0000 0000 0000 0000 001E,-0.0966663862052599,3.3125,-0.0157394387308429,2016-02-08 21:27:09:211
0000 0000 0000 0000 0000 001E,0.0919862194340848,-4.5625,0.0149774034356719,2016-02-08 21:27:09:238
0000 0000 0000 0000 0000 001E,-0.057570152685256,1.1875,-0.00937370192975674,2016-02-08 21:27:09:272
0000 0000 0000 0000 0000 001E,0.109157035232047,-0.5625,0.0177731943390037,2016-02-08 21:27:09:294
0000 0000 0000 0000 0000 001E,0.0924584064931488,11.5625,0.0152613600814001,2016-02-08 21:27:09:394
0000 0000 0000 0000 0000 001E,-0.200207575213982,14.9375,-0.0330466424012075,2016-02-08 21:27:09:433
0000 0000 0000 0000 0000 001E,0.718133494776347,-10.375,0.118536477817279,2016-02-08 21:27:09:453
0000 0000 0000 0000 0000 001E,-0.0906154310104854,-10.375,-0.0149571550498738,2016-02-08 21:27:09:496
0000 0000 0000 0000 0000 001E,-0.0965135298070831,7,-0.0156128654311809,2016-02-08 21:27:09:543
0000 0000 0000 0000 0000 001E,0,5.1875,0,2016-02-08 21:27:09:571
0000 0000 0000 0000 0000 001E,0.0733661763380105,-3.9375,0.0118683488279337,2016-02-08 21:27:09:604
0000 0000 0000 0000 0000 001E,-0.0322563996696955,-3.3125,-0.00521807489938456,2016-02-08 21:27:09:634
0000 0000 0000 0000 0000 001E,-0.175306035792205,10.9375,-0.0283590243934546,2016-02-08 21:27:09:670
0000 0000 0000 0000 0000 001E,0.258144990748083,1.1875,0.0417597720271905,2016-02-08 21:27:09:693
0000 0000 0000 0000 0000 001E,-0.0222949294552759,3.3125,-0.00363603089784332,2016-02-08 21:27:10:151
0000 0000 0000 0000 0000 001E,0.116409881988318,-9.125,0.0189850310391386,2016-02-08 21:27:10:168
0000 0000 0000 0000 0000 001E,-0.242383345743361,3.3125,-0.0395297655466204,2016-02-08 21:27:10:184
0000 0000 0000 0000 0000 001E,-0.017297762859572,-1.8125,-0.00282105401352085,2016-02-08 21:27:10:213
0000 0000 0000 0000 0000 001E,0.298898904260529,-4.5625,0.0487467634020977,2016-02-08 21:27:10:229
0000 0000 0000 0000 0000 001E,-0.201162299674536,9.75,-0.0328071160110686,2016-02-08 21:27:10:253
0000 0000 0000 0000 0000 001E,0.233590137139212,-6.375,0.0380957005391485,2016-02-08 21:27:10:272
0000 0000 0000 0000 0000 001E,-0.096415701309814,2.6875,-0.0157242241875206,2016-02-08 21:27:10:287
0000 0000 0000 0000 0000 001E,0.0224714091766763,-5.75,0.003664812586574,2016-02-08 21:27:10:309
0000 0000 0000 0000 0000 001E,-0.86823930990686,14.3125,-0.142529024882111,2016-02-08 21:27:10:356
0000 0000 0000 0000 0000 001E,0.0565755857066726,7,0.00928737385061658,2016-02-08 21:27:10:400
0000 0000 0000 0000 0000 001E,0.14579911914004,7,0.0239341919244936,2016-02-08 21:27:10:416
0000 0000 0000 0000 0000 001E,0.156412669175942,-6.375,0.0256764983599358,2016-02-08 21:27:10:441
0000 0000 0000 0000 0000 001E,0.0760473854300507,-20.75,0.0124838389214858,2016-02-08 21:27:10:467
0000 0000 0000 0000 0000 001E,0.337120267730429,4.5625,0.0553412204208638,2016-02-08 21:27:10:520
0000 0000 0000 0000 0000 001E,-0.0676664703436829,2.6875,-0.0110596246816153,2016-02-08 21:27:10:600
0000 0000 0000 0000 0000 001E,0,-4.5625,0,2016-02-08 21:27:10:627
0000 0000 0000 0000 0000 001E,-0.0973382782909172,-0.5625,-0.015909280025756,2016-02-08 21:27:10:716
0000 0000 0000 0000 0000 001E,-0.0372335862437075,9.75,-0.00612898538991071,2016-02-08 21:27:10:783
0000 0000 0000 0000 0000 001E,-0.975708754839516,7.875,-0.160610494623789,2016-02-08 21:27:10:799
0000 0000 0000 0000 0000 001E,-0.528157111952405,-14.3125,-0.0869394422966922,2016-02-08 21:27:10:825
0000 0000 0000 0000 0000 001E,-0.93736746060092,1.8125,-0.154299170469287,2016-02-08 21:27:10:847
0000 0000 0000 0000 0000 001E,-0.450519522731085,0,-0.0741595922191087,2016-02-08 21:27:10:871
0000 0000 0000 0000 0000 001E,-1.40475159829515,-9.75,-0.231234830995087,2016-02-08 21:27:10:890
0000 0000 0000 0000 0000 001E,-1.14516620061339,10.9375,-0.187886169091614,2016-02-08 21:27:11:138
0000 0000 0000 0000 0000 001E,-0.898074928354507,-16.75,-0.146068028466442,2016-02-08 21:27:11:190
0000 0000 0000 0000 0000 001E,-2.06273505117461,-3.9375,-0.335494993414141,2016-02-08 21:27:11:219
0000 0000 0000 0000 0000 001E,-2.0679122705996,2.6875,-0.336337045909395,2016-02-08 21:27:11:233
0000 0000 0000 0000 0000 001E,-2.38963091353997,13.0625,-0.388663200901052,2016-02-08 21:27:11:287
0000 0000 0000 0000 0000 001E,-1.17440448658649,-10.9375,-0.190804953141591,2016-02-08 21:27:11:581
0000 0000 0000 0000 0000 001E,-0.468679422392861,-3.3125,-0.0770220907794348,2016-02-08 21:27:11:817
0000 0000 0000 0000 0000 001E,-0.250406224219047,8.5,-0.0411513926407637,2016-02-08 21:27:11:862
0000 0000 0000 0000 0000 001E,-0.449355803520072,6.375,-0.0738464755168566,2016-02-08 21:27:11:871
0000 0000 0000 0000 0000 001E,0.817777390090721,-1.8125,0.133224663061209,2016-02-08 21:27:12:192
0000 0000 0000 0000 0000 001E,0.732811180939874,-3.3125,0.119382760945947,2016-02-08 21:27:12:224
0000 0000 0000 0000 0000 001E,0.301098406988694,7,0.0490521434138519,2016-02-08 21:27:12:248
0000 0000 0000 0000 0000 001E,0.47777030332681,5.75,0.0778338805311122,2016-02-08 21:27:12:296
0000 0000 0000 0000 0000 001E,0.682344207170619,10.9375,0.111161152403576,2016-02-08 21:27:12:318
0000 0000 0000 0000 0000 001E,-0.629505416326018,0.5625,-0.102109556581674,2016-02-08 21:27:13:421
0000 0000 0000 0000 0000 001E,-2.14065876813831,-9.125,-0.349305211009788,2016-02-08 21:27:14:349
0000 0000 0000 0000 0000 001E,-0.934789111576428,-16.125,-0.152535617880298,2016-02-08 21:27:14:366
0000 0000 0000 0000 0000 001E,-1.30722925165732,-1.8125,-0.213309097360454,2016-02-08 21:27:14:382
0000 0000 0000 0000 0000 001E,1.87277188165874,3.9375,0.304763528341537,2016-02-08 21:27:14:661
0000 0000 0000 0000 0000 001E,-1.13894326891036,-3.3125,-0.185344714224632,2016-02-08 21:27:14:744
0000 0000 0000 0000 0000 001E,1.68612681831916,7.875,0.274390043664632,2016-02-08 21:27:14:767
0000 0000 0000 0000 0000 001E,1.93434767380067,-5.75,0.314783998991158,2016-02-08 21:27:14:787
0000 0000 0000 0000 0000 001E,1.04195203010554,-1.1875,0.169837331720545,2016-02-08 21:27:15:069
0000 0000 0000 0000 0000 001E,0.646222917994216,-3.3125,0.105333808964012,2016-02-08 21:27:15:089
0000 0000 0000 0000 0000 001E,0.0463484812529661,-1.8125,0.00755476467041013,2016-02-08 21:27:15:121
0000 0000 0000 0000 0000 001E,-0.0211826493427616,9.125,-0.00349452559957574,2016-02-08 21:27:15:579
0000 0000 0000 0000 0000 001E,0.862964934125964,9.125,0.142364300378218,2016-02-08 21:27:15:591
0000 0000 0000 0000 0000 001E,3.22388023164727,9.75,0.526347792922003,2016-02-08 21:27:15:679
0000 0000 0000 0000 0000 001E,2.87051292621376,4.5625,0.468655171626736,2016-02-08 21:27:15:724
0000 0000 0000 0000 0000 001E,1.84076986177046,3.9375,0.300533854982932,2016-02-08 21:27:15:746
0000 0000 0000 0000 0000 001E,1.23509417769547,6.375,0.201648029011505,2016-02-08 21:27:15:768
0000 0000 0000 0000 0000 001E,0.213428293557129,9.4375,0.0345632864060128,2016-02-08 21:27:15:996
0000 0000 0000 0000 0000 001E,0.144660339626707,2.6875,0.0237602528814739,2016-02-08 21:27:16:079
0000 0000 0000 0000 0000 001E,0.357509413733592,3.9375,0.0587204074021777,2016-02-08 21:27:16:098
0000 0000 0000 0000 0000 001E,0.751757066756991,-1.1875,0.12347501780843,2016-02-08 21:27:16:114
0000 0000 0000 0000 0000 001E,-0.105085817281825,18.25,-0.0172601944618382,2016-02-08 21:27:16:142
0000 0000 0000 0000 0000 001E,-0.0201719098570594,-1.8125,-0.00331320720345898,2016-02-08 21:27:16:207
0000 0000 0000 0000 0000 001E,0.49362889637742,-15.5625,0.0810778367989193,2016-02-08 21:27:16:219
0000 0000 0000 0000 0000 001E,-0.676289819944598,2.6875,-0.110655547304816,2016-02-08 21:27:16:300
0000 0000 0000 0000 0000 001E,-0.790263051417189,8.5,-0.129304017139436,2016-02-08 21:27:16:324
0000 0000 0000 0000 0000 001E,-0.989594300265838,10.375,-0.161918892871422,2016-02-08 21:27:16:362
0000 0000 0000 0000 0000 001E,-0.897691628499548,-3.9375,-0.146881640878028,2016-02-08 21:27:16:393
0000 0000 0000 0000 0000 001E,-1.17406659096981,-9.75,-0.192102523747446,2016-02-08 21:27:16:412
0000 0000 0000 0000 0000 001E,-0.441544440029595,-0.5625,-0.0730832176600709,2016-02-08 21:27:16:506
0000 0000 0000 0000 0000 001E,-0.319138071895425,-4.5625,-0.0528228532792427,2016-02-08 21:27:16:521
0000 0000 0000 0000 0000 001E,-0.735658773603856,-0.5625,-0.121764210803397,2016-02-08 21:27:16:574
0000 0000 0000 0000 0000 001E,-1.47633710333719,1.8125,-0.244359244690294,2016-02-08 21:27:16:638
0000 0000 0000 0000 0000 001E,-1.93705462092272,-14.9375,-0.318507199932483,2016-02-08 21:27:16:761
0000 0000 0000 0000 0000 001E,-1.66374765009987,-2.6875,-0.273567714458735,2016-02-08 21:27:16:787
0000 0000 0000 0000 0000 001E,-1.41538841366375,-1.8125,-0.23273035028727,2016-02-08 21:27:16:804
0000 0000 0000 0000 0000 001E,-1.55144244656268,6.375,-0.255101525880408,2016-02-08 21:27:16:818
0000 0000 0000 0000 0000 001E,-1.18770509201891,-9.125,-0.193070456573109,2016-02-08 21:27:17:402
0000 0000 0000 0000 0000 001E,-1.6437427316685,7,-0.26720282823113,2016-02-08 21:27:17:418
0000 0000 0000 0000 0000 001E,-1.64989742352018,6.375,-0.267768042767679,2016-02-08 21:27:17:701
0000 0000 0000 0000 0000 001E,-1.69991201846666,-0.5625,-0.275885099020827,2016-02-08 21:27:17:786
0000 0000 0000 0000 0000 001E,-1.90503487590571,-6.375,-0.309175257112098,2016-02-08 21:27:17:816
0000 0000 0000 0000 0000 001E,-1.68094174114532,-1.8125,-0.272806341543735,2016-02-08 21:27:17:847
0000 0000 0000 0000 0000 001E,-1.80568905552947,-12.5,-0.297722845099665,2016-02-08 21:27:18:202
0000 0000 0000 0000 0000 001E,-1.48427424926308,7.875,-0.244727823456402,2016-02-08 21:27:18:212
0000 0000 0000 0000 0000 001E,-1.66746054056305,-5.1875,-0.274931663736695,2016-02-08 21:27:18:236
0000 0000 0000 0000 0000 001E,-1.22043781243208,-3.3125,-0.201226349947581,2016-02-08 21:27:18:255
0000 0000 0000 0000 0000 001E,-1.36635914476849,-6.375,-0.225285926590022,2016-02-08 21:27:18:278
0000 0000 0000 0000 0000 001E,-0.633835998868326,8.5,-0.102700944996218,2016-02-08 21:27:18:349
0000 0000 0000 0000 0000 001E,-0.719510656006113,10.375,-0.116582877019624,2016-02-08 21:27:18:368
0000 0000 0000 0000 0000 001E,0.617812432983058,12.5,0.10010463402372,2016-02-08 21:27:18:414
0000 0000 0000 0000 0000 001E,2.60538430331701,-5.1875,0.422152466105916,2016-02-08 21:27:18:433
0000 0000 0000 0000 0000 001E,2.14996636497065,15.5625,0.348360739665781,2016-02-08 21:27:18:453
0000 0000 0000 0000 0000 001E,-0.448696268123341,-1.1875,-0.0734965222151255,2016-02-08 21:27:18:563
0000 0000 0000 0000 0000 001E,-0.240618840157692,11.5625,-0.0394134054312354,2016-02-08 21:27:18:585
0000 0000 0000 0000 0000 001E,0.397211488685106,4.25,0.0650633069099272,2016-02-08 21:27:18:636
0000 0000 0000 0000 0000 001E,-0.122529799247177,14.9375,-0.0198214827576992,2016-02-08 21:27:19:755
0000 0000 0000 0000 0000 001E,-0.290103973264017,5.75,-0.0469297341489379,2016-02-08 21:27:19:782
0000 0000 0000 0000 0000 001E,-0.58784153306319,-3.9375,-0.0950943434451103,2016-02-08 21:27:19:816
0000 0000 0000 0000 0000 001E,-0.516203147525228,5.1875,-0.0835054970383222,2016-02-08 21:27:19:848
0000 0000 0000 0000 0000 001E,-0.773137998233914,1.8125,-0.125069506319857,2016-02-08 21:27:19:905
0000 0000 0000 0000 0000 001E,1.17457652600982,10.9375,0.194519987746589,2016-02-08 21:27:20:091
0000 0000 0000 0000 0000 001E,0.852148778359512,1.8125,0.141123176101492,2016-02-08 21:27:20:102
0000 0000 0000 0000 0000 001E,-0.11611920332937,5.1875,-0.0189376248974238,2016-02-08 21:27:20:377
0000 0000 0000 0000 0000 001E,0.781458388903705,7.875,0.127446325996799,2016-02-08 21:27:20:408
0000 0000 0000 0000 0000 001E,-2.01535221564564,0,-0.32867935020043,2016-02-08 21:27:20:465
0000 0000 0000 0000 0000 001E,2.86954190173953,18.25,0.467987263126861,2016-02-08 21:27:20:474
0000 0000 0000 0000 0000 001E,2.17288804164231,13.0625,0.354371520789721,2016-02-08 21:27:20:505
0000 0000 0000 0000 0000 001E,1.60698124074378,14.9375,0.26207902811804,2016-02-08 21:27:20:511
0000 0000 0000 0000 0000 001E,0.346380645542682,14.3125,0.0568613918811516,2016-02-08 21:27:20:610
0000 0000 0000 0000 0000 001E,1.73765569395018,-4.5625,0.284008013176275,2016-02-08 21:27:20:849
0000 0000 0000 0000 0000 001E,1.31713097705719,-22.875,0.21527610630191,2016-02-08 21:27:20:884
0000 0000 0000 0000 0000 001E,-0.120662582372324,16.75,-0.0197969782399219,2016-02-08 21:27:21:302
0000 0000 0000 0000 0000 001E,0.799766957317661,9.125,0.131216892094776,2016-02-08 21:27:21:333
0000 0000 0000 0000 0000 001E,-0.199706032719836,4.5625,-0.0324813281734621,2016-02-08 21:27:21:407
0000 0000 0000 0000 0000 001E,1.74615148213338,24.6875,0.28400403612904,2016-02-08 21:27:21:443
0000 0000 0000 0000 0000 001E,3.85084748457674,4.25,0.626323797979409,2016-02-08 21:27:21:459
0000 0000 0000 0000 0000 001E,1.15957685913964,6.375,0.191507326034622,2016-02-08 21:27:21:569
0000 0000 0000 0000 0000 001E,1.48547535211268,-4.5625,0.245330363685,2016-02-08 21:27:21:596
0000 0000 0000 0000 0000 001E,0.89721728449309,-1.1875,0.148177916514135,2016-02-08 21:27:21:621
0000 0000 0000 0000 0000 001E,0.498026415536443,1.8125,0.0822504402207172,2016-02-08 21:27:21:657
0000 0000 0000 0000 0000 001E,0.28978115727003,-1.1875,0.0478581597473213,2016-02-08 21:27:21:669
0000 0000 0000 0000 0000 001E,0.224999588572181,7,0.0371593044710455,2016-02-08 21:27:21:699
0000 0000 0000 0000 0000 001E,0.645265008495375,3.9375,0.106567301155306,2016-02-08 21:27:21:715
0000 0000 0000 0000 0000 001E,0.307095125786164,10.9375,0.0498936028897098,2016-02-08 21:27:21:811
0000 0000 0000 0000 0000 001E,0.552235364605774,9.125,0.0897214239814418,2016-02-08 21:27:21:829
0000 0000 0000 0000 0000 001E,0.159224310112909,3.9375,0.0258690999371094,2016-02-08 21:27:21:854
0000 0000 0000 0000 0000 001E,0.557303258574445,1.1875,0.091586402395143,2016-02-08 21:27:21:976
0000 0000 0000 0000 0000 001E,0.430963150926743,12.5,0.0708238538910013,2016-02-08 21:27:22:015
0000 0000 0000 0000 0000 001E,1.04274621568997,-14.3125,0.171363387952337,2016-02-08 21:27:22:081
0000 0000 0000 0000 0000 001E,-0.263199354746656,0.5625,-0.0436845402069138,2016-02-08 21:27:22:186
0000 0000 0000 0000 0000 001E,-0.291869375352838,4.5625,-0.0484430498510934,2016-02-08 21:27:22:216
0000 0000 0000 0000 0000 001E,-0.251044344473006,-0.5625,-0.0416671111158516,2016-02-08 21:27:22:234
0000 0000 0000 0000 0000 001E,-0.357191843452817,-1.1875,-0.0592849532701771,2016-02-08 21:27:22:272
0000 0000 0000 0000 0000 001E,-0.342551806481207,1.1875,-0.056855071615138,2016-02-08 21:27:22:309
0000 0000 0000 0000 0000 001E,-0.145857189086924,-0.5625,-0.024208662089116,2016-02-08 21:27:22:329
0000 0000 0000 0000 0000 001E,-0.117521260379478,-1.8125,-0.0191454673439279,2016-02-08 21:27:22:398
0000 0000 0000 0000 0000 001E,-0.765741715158267,-3.9375,-0.124747496360293,2016-02-08 21:27:22:436
0000 0000 0000 0000 0000 001E,-1.2345559916505,9.75,-0.201122344553434,2016-02-08 21:27:22:453
0000 0000 0000 0000 0000 001E,-1.26675270063369,9.75,-0.206367532006575,2016-02-08 21:27:22:477
0000 0000 0000 0000 0000 001E,-1.13237766697588,-3.3125,-0.184476405154909,2016-02-08 21:27:22:517
0000 0000 0000 0000 0000 001E,-1.50499392696688,2.6875,-0.245179569964737,2016-02-08 21:27:22:536
0000 0000 0000 0000 0000 001E,-2.05855902300431,3.3125,-0.341103400663514,2016-02-08 21:27:22:625
0000 0000 0000 0000 0000 001E,-2.6421545672986,9.125,-0.437805230703993,2016-02-08 21:27:22:651
0000 0000 0000 0000 0000 001E,-2.15799825174825,13.6875,-0.35758048910493,2016-02-08 21:27:22:705
0000 0000 0000 0000 0000 001E,-1.47852006056018,-9.125,-0.244990896530271,2016-02-08 21:27:22:737
0000 0000 0000 0000 0000 001E,0.517491664085047,-5.1875,0.0855122551503795,2016-02-08 21:27:23:543
0000 0000 0000 0000 0000 001E,-2.11714117196965,-1.8125,-0.349844313737755,2016-02-08 21:27:23:574
0000 0000 0000 0000 0000 001E,-1.57524496064614,0.5625,-0.255514186641709,2016-02-08 21:27:23:671
0000 0000 0000 0000 0000 001E,-1.62248561087047,-1.8125,-0.263176903628624,2016-02-08 21:27:23:688
0000 0000 0000 0000 0000 001E,-2.77926004980434,-2.6875,-0.450812660146689,2016-02-08 21:27:23:719
0000 0000 0000 0000 0000 001E,-2.2797153294138,-6.375,-0.36978350842073,2016-02-08 21:27:23:725
0000 0000 0000 0000 0000 001E,-1.84810183372488,-10.9375,-0.299773209038909,2016-02-08 21:27:23:777
0000 0000 0000 0000 0000 001E,-2.05703664419264,3.3125,-0.333483379226043,2016-02-08 21:27:23:927
0000 0000 0000 0000 0000 001E,-0.306793114516746,6.375,-0.0497367924101723,2016-02-08 21:27:23:963
0000 0000 0000 0000 0000 001E,-0.553801722789313,-14.3125,-0.0903674282495479,2016-02-08 21:27:24:450
0000 0000 0000 0000 0000 001E,-1.10862394783475,20.125,-0.184105831359217,2016-02-08 21:27:25:053
0000 0000 0000 0000 0000 001E,0.0896817488888073,9.125,0.0148931772303583,2016-02-08 21:27:25:080
0000 0000 0000 0000 0000 001E,-0.21319222092854,0,-0.0354041883634443,2016-02-08 21:27:25:094
0000 0000 0000 0000 0000 001E,-0.751649555566591,-2.6875,-0.124824171973417,2016-02-08 21:27:25:114
0000 0000 0000 0000 0000 001E,-0.987117059326646,22.25,-0.163927549293105,2016-02-08 21:27:25:127
0000 0000 0000 0000 0000 001E,-0.0561910219034102,2.6875,-0.00933147333020928,2016-02-08 21:27:25:153
0000 0000 0000 0000 0000 001E,0.282199998073515,-9.75,0.046864101534489,2016-02-08 21:27:25:179
0000 0000 0000 0000 0000 001E,-0.372260165184244,-9.125,-0.0618201215362708,2016-02-08 21:27:25:195
0000 0000 0000 0000 0000 001E,-0.131373175489339,-0.5625,-0.0218167465523397,2016-02-08 21:27:25:210
0000 0000 0000 0000 0000 001E,0.677227808599167,-23.4375,0.11038758086376,2016-02-08 21:27:25:258
0000 0000 0000 0000 0000 001E,0.206833103886477,1.1875,0.0337136273653589,2016-02-08 21:27:25:286
0000 0000 0000 0000 0000 001E,-0.517582150638949,13.0625,-0.084365468726805,2016-02-08 21:27:25:303
0000 0000 0000 0000 0000 001E,0.0481536528359445,-13.6875,0.00786182087117461,2016-02-08 21:27:26:008
0000 0000 0000 0000 0000 001E,-2.95195366478581,29.875,-0.481951618740541,2016-02-08 21:27:26:026
0000 0000 0000 0000 0000 001E,0.489829109987561,9.75,0.0793245522247062,2016-02-08 21:27:26:133
0000 0000 0000 0000 0000 001E,2.05915863716436,9.75,0.334369467469179,2016-02-08 21:27:27:113
0000 0000 0000 0000 0000 001E,1.97524777508091,17.6875,0.3207438876992,2016-02-08 21:27:27:143
0000 0000 0000 0000 0000 001E,1.70777470125328,31.125,0.277311182882806,2016-02-08 21:27:27:229
0000 0000 0000 0000 0000 001E,2.40099348831548,-3.9375,0.392212385785268,2016-02-08 21:27:27:291
0000 0000 0000 0000 0000 001E,2.38517125089242,12.5,0.389627756748013,2016-02-08 21:27:27:355
0000 0000 0000 0000 0000 001E,2.0307290592562,10.9375,0.331728133828947,2016-02-08 21:27:27:384
0000 0000 0000 0000 0000 001E,1.29346026490066,-2.6875,0.211292175045031,2016-02-08 21:27:27:425
0000 0000 0000 0000 0000 001E,1.65687563624024,-7,0.270657604613163,2016-02-08 21:27:27:437
0000 0000 0000 0000 0000 001E,1.68936793772314,1.1875,0.274619550970979,2016-02-08 21:27:27:572
0000 0000 0000 0000 0000 001E,1.05444606821059,5.75,0.171408193152629,2016-02-08 21:27:27:586
0000 0000 0000 0000 0000 001E,1.07923358874236,0.5625,0.175437592317912,2016-02-08 21:27:27:627
0000 0000 0000 0000 0000 001E,0.823741902287604,7.875,0.134855427386784,2016-02-08 21:27:27:756
0000 0000 0000 0000 0000 001E,1.31500521102339,19.5,0.215280525679136,2016-02-08 21:27:27:811
0000 0000 0000 0000 0000 001E,1.44266494909583,-3.9375,0.236179800670531,2016-02-08 21:27:27:839
0000 0000 0000 0000 0000 001E,0,17.6875,0,2016-02-08 21:27:27:854
0000 0000 0000 0000 0000 001E,-1.05932571690819,-4.5625,-0.174662113257739,2016-02-08 21:27:28:344
0000 0000 0000 0000 0000 001E,-1.0434565236225,-5.1875,-0.172045593342539,2016-02-08 21:27:28:362
0000 0000 0000 0000 0000 001E,-1.20743720309755,-3.3125,-0.199082803478573,2016-02-08 21:27:28:377
0000 0000 0000 0000 0000 001E,2.74557185137538,-0.5625,0.452691154390004,2016-02-08 21:27:28:446
0000 0000 0000 0000 0000 001E,-0.75599662695905,-1.8125,-0.124649072870412,2016-02-08 21:27:28:478
0000 0000 0000 0000 0000 001E,-1.69777903337969,1.1875,-0.275092470976996,2016-02-08 21:27:28:540
0000 0000 0000 0000 0000 001E,-1.62404673097026,-7.875,-0.263145568075116,2016-02-08 21:27:28:600
0000 0000 0000 0000 0000 001E,-1.67269616106142,-1.1875,-0.271028273463908,2016-02-08 21:27:28:637
0000 0000 0000 0000 0000 001E,-1.48905370944845,-1.8125,-0.241272542713764,2016-02-08 21:27:28:656
0000 0000 0000 0000 0000 001E,-1.99298469387755,-5.1875,-0.326451219308362,2016-02-08 21:27:28:739
0000 0000 0000 0000 0000 001E,-2.28530380504883,-6.375,-0.374333137600136,2016-02-08 21:27:28:766
0000 0000 0000 0000 0000 001E,-3.03031167290317,5.1875,-0.496365548387087,2016-02-08 21:27:28:814
0000 0000 0000 0000 0000 001E,-1.93327669262241,-8.5,-0.31667103892259,2016-02-08 21:27:28:837
0000 0000 0000 0000 0000 001E,-1.58252614908662,-3.9375,-0.259218042438431,2016-02-08 21:27:28:877
0000 0000 0000 0000 0000 001E,-0.7803915692738,-3.3125,-0.128530041604249,2016-02-08 21:27:28:936
0000 0000 0000 0000 0000 001E,-1.22859448186428,7.875,-0.202348802942237,2016-02-08 21:27:28:962
0000 0000 0000 0000 0000 001E,-0.838599376731302,-15.25,-0.138116833938727,2016-02-08 21:27:28:998
0000 0000 0000 0000 0000 001E,-2.09152141717931,10.9375,-0.342778708087295,2016-02-08 21:27:29:162
0000 0000 0000 0000 0000 001E,-0.472120211974711,-11.5625,-0.0773756151829628,2016-02-08 21:27:29:189
0000 0000 0000 0000 0000 001E,-1.34069535969248,-1.1875,-0.219726090088906,2016-02-08 21:27:29:203
0000 0000 0000 0000 0000 001E,0.0945853780590169,-4.5625,0.0155015642817291,2016-02-08 21:27:29:246
0000 0000 0000 0000 0000 001E,-0.597683275678552,-10.375,-0.0977405193260102,2016-02-08 21:27:29:491
0000 0000 0000 0000 0000 001E,-2.0735441569676,0.5625,-0.33761913003543,2016-02-08 21:27:29:576
0000 0000 0000 0000 0000 001E,-2.92889322387149,5.1875,-0.476888991675141,2016-02-08 21:27:29:586
0000 0000 0000 0000 0000 001E,-3.46335975282106,21.3125,-0.563912035737487,2016-02-08 21:27:29:689
0000 0000 0000 0000 0000 001E,-1.62785851956035,-2.6875,-0.26869741725893,2016-02-08 21:27:29:781
0000 0000 0000 0000 0000 001E,-1.00697308723448,-18.25,-0.16621288922715,2016-02-08 21:27:29:820
0000 0000 0000 0000 0000 001E,-1.51519764379014,-7,-0.250101399250092,2016-02-08 21:27:29:848
0000 0000 0000 0000 0000 001E,-1.69676907559561,-16.125,-0.274484078014927,2016-02-08 21:27:30:114
0000 0000 0000 0000 0000 001E,-1.587420324547,-6.375,-0.262890476049738,2016-02-08 21:27:30:314
0000 0000 0000 0000 0000 001E,-1.10883255303926,5.1875,-0.183835184256301,2016-02-08 21:27:30:382
0000 0000 0000 0000 0000 001E,-0.762448906953247,-2.6875,-0.126407666253647,2016-02-08 21:27:30:393
0000 0000 0000 0000 0000 001E,-1.13930133898979,0.5625,-0.188886654709554,2016-02-08 21:27:30:431
0000 0000 0000 0000 0000 001E,-0.882152571462984,1.1875,-0.146253534920638,2016-02-08 21:27:30:456
0000 0000 0000 0000 0000 001E,-1.0511394999034,1.1875,-0.174270157486057,2016-02-08 21:27:30:512
0000 0000 0000 0000 0000 001E,-0.847465287821811,-11.25,-0.138211245635522,2016-02-08 21:27:30:655
0000 0000 0000 0000 0000 001E,-1.35245335646707,22.875,-0.220568636553478,2016-02-08 21:27:30:687
0000 0000 0000 0000 0000 001E,-0.691230022724733,10.375,-0.112731180656385,2016-02-08 21:27:30:714
0000 0000 0000 0000 0000 001E,-1.50991928149159,9.75,-0.247866366318728,2016-02-08 21:27:30:753
0000 0000 0000 0000 0000 001E,-0.262984474043999,-1.8125,-0.0431711858895757,2016-02-08 21:27:30:853
0000 0000 0000 0000 0000 001E,-1.05097126560482,-1.8125,-0.172526062753185,2016-02-08 21:27:30:865
0000 0000 0000 0000 0000 001E,-0.48918715213358,1.8125,-0.0803043204596849,2016-02-08 21:27:30:892
0000 0000 0000 0000 0000 001E,-0.134523329266373,2.6875,-0.0220831730669833,2016-02-08 21:27:30:917
0000 0000 0000 0000 0000 001E,-0.128407208225953,-26.5,-0.0211369890083873,2016-02-08 21:27:31:214
0000 0000 0000 0000 0000 001E,-0.15903631626089,-22.5625,-0.0261788174915046,2016-02-08 21:27:31:239
0000 0000 0000 0000 0000 001E,0.662975220638155,-47.875,0.109131723561836,2016-02-08 21:27:31:260
0000 0000 0000 0000 0000 001E,0.637506904690164,-1.1875,0.103687758962889,2016-02-08 21:27:31:567
0000 0000 0000 0000 0000 001E,-0.0581477567060643,9.75,-0.00945748279307091,2016-02-08 21:27:31:600
0000 0000 0000 0000 0000 001E,0.358862413977417,11.5625,0.0583674297604907,2016-02-08 21:27:31:615
0000 0000 0000 0000 0000 001E,0.156020338062373,2.6875,0.0253760376355174,2016-02-08 21:27:31:646
0000 0000 0000 0000 0000 001E,0.0654751927589696,-0.5625,0.0106492587843269,2016-02-08 21:27:31:661
0000 0000 0000 0000 0000 001E,0.140861196053541,10.375,0.0229104683199037,2016-02-08 21:27:31:696
0000 0000 0000 0000 0000 001E,0.317716414735474,3.9375,0.0516752097699334,2016-02-08 21:27:31:716
0000 0000 0000 0000 0000 001E,0.267649141238808,0,0.0435319828526117,2016-02-08 21:27:31:738
0000 0000 0000 0000 0000 001E,0.0490636304260431,1.1875,0.00797134531698506,2016-02-08 21:27:31:978
0000 0000 0000 0000 0000 001E,0.0181977210047723,-1.8125,0.00295657530540574,2016-02-08 21:27:32:005
0000 0000 0000 0000 0000 001E,-0.114831164504371,3.3125,-0.0186565661258117,2016-02-08 21:27:32:031
0000 0000 0000 0000 0000 001E,0.590960665658092,-3.9375,0.0960131057121189,2016-02-08 21:27:32:037
0000 0000 0000 0000 0000 001E,-0.0829563795446814,-9.75,-0.0134778845726534,2016-02-08 21:27:32:067
0000 0000 0000 0000 0000 001E,0,3.9375,0,2016-02-08 21:27:32:088
0000 0000 0000 0000 0000 001E,-0.181855214152702,4.5625,-0.029545932437482,2016-02-08 21:27:32:113
0000 0000 0000 0000 0000 001E,0,0.5625,0,2016-02-08 21:27:32:121
0000 0000 0000 0000 0000 001E,0.0593414522989675,-9.75,0.00960476702977624,2016-02-08 21:27:33:237
0000 0000 0000 0000 0000 001E,-0.3486063184198,0.5625,-0.0564240062184732,2016-02-08 21:27:33:250
0000 0000 0000 0000 0000 001E,0.242563959264779,-4.5625,0.0392604196274258,2016-02-08 21:27:33:272
0000 0000 0000 0000 0000 001E,-0.182505806813328,-2.6875,-0.0295396504148899,2016-02-08 21:27:33:368
0000 0000 0000 0000 0000 001E,-3.06707134471209,18.875,-0.497497379515344,2016-02-08 21:27:33:938
0000 0000 0000 0000 0000 001E,0.19557512945956,4.5625,0.031723459766352,2016-02-08 21:27:33:992
0000 0000 0000 0000 0000 001E,-0.412879188246486,-10.375,-0.0669352912585494,2016-02-08 21:27:34:043
0000 0000 0000 0000 0000 001E,-0.10675731074064,3.9375,-0.0173073186826219,2016-02-08 21:27:34:061
0000 0000 0000 0000 0000 001E,0.443234616119631,-6.375,0.0718564630293917,2016-02-08 21:27:34:082
0000 0000 0000 0000 0000 001E,-0.30326315566597,-14.9375,-0.0491645213184497,2016-02-08 21:27:34:100
0000 0000 0000 0000 0000 001E,-0.0871489871196121,-1.1875,-0.0141284496816448,2016-02-08 21:27:34:133
0000 0000 0000 0000 0000 001E,-0.128234739626323,3.9375,-0.0207892039383393,2016-02-08 21:27:34:184
0000 0000 0000 0000 0000 001E,0.115196897609312,-1.1875,0.0186755305500101,2016-02-08 21:27:34:197
0000 0000 0000 0000 0000 001E,0.109003516017414,1.8125,0.0176523912578807,2016-02-08 21:27:36:260
0000 0000 0000 0000 0000 001E,0.0930236711754614,18.875,0.015064562133678,2016-02-08 21:27:36:328
0000 0000 0000 0000 0000 001E,-0.267567660131513,42.0625,-0.043330795162998,2016-02-08 21:27:36:344
0000 0000 0000 0000 0000 001E,-0.623397666900045,20.75,-0.102392170856837,2016-02-08 21:27:36:486
0000 0000 0000 0000 0000 001E,1.73741162975795,11.875,0.285367363223315,2016-02-08 21:27:36:508
0000 0000 0000 0000 0000 001E,3.51824513310276,14.3125,0.577866706778444,2016-02-08 21:27:36:584
0000 0000 0000 0000 0000 001E,-0.0876312365398418,10.375,-0.0143933046602532,2016-02-08 21:27:36:606
0000 0000 0000 0000 0000 001E,0.22098459623715,-6.375,0.0361578286725635,2016-02-08 21:27:36:787
0000 0000 0000 0000 0000 001E,-0.0142968772875003,-1.1875,-0.00232029385244799,2016-02-08 21:27:38:146
0000 0000 0000 0000 0000 001E,0.0575565804208169,-15.5625,0.0093410733709738,2016-02-08 21:27:38:196
0000 0000 0000 0000 0000 001E,-0.0317395508320366,3.9375,-0.00515113078150446,2016-02-08 21:27:38:222
0000 0000 0000 0000 0000 001E,0.0627987546085918,0,0.0101918454869232,2016-02-08 21:27:38:245
0000 0000 0000 0000 0000 001E,-0.626783453025257,22.25,-0.101723038089033,2016-02-08 21:27:38:274
0000 0000 0000 0000 0000 001E,-0.0363615630934206,3.3125,-0.00599531130971485,2016-02-08 21:27:38:515
0000 0000 0000 0000 0000 001E,4.51489985883183,10.375,0.744418773096757,2016-02-08 21:27:38:572
0000 0000 0000 0000 0000 001E,0.230457227138644,9.75,0.0379978940047228,2016-02-08 21:27:38:623
0000 0000 0000 0000 0000 001E,0.243121385346048,5.1875,0.0400859662565619,2016-02-08 21:27:38:649
0000 0000 0000 0000 0000 001E,0.3138726698093,-0.5625,0.0517514707022753,2016-02-08 21:27:38:682
0000 0000 0000 0000 0000 001E,0.223958253703732,-4.5625,0.0362881318450552,2016-02-08 21:27:38:778
0000 0000 0000 0000 0000 001E,0.125162878626052,4.5625,0.0202802395829411,2016-02-08 21:27:38:801
0000 0000 0000 0000 0000 001E,0.285433310600156,3.3125,0.0462489836241138,2016-02-08 21:27:38:866
0000 0000 0000 0000 0000 001E,0.466540464360787,-8.5,0.0764194044817014,2016-02-08 21:27:38:956
0000 0000 0000 0000 0000 001E,0.165328519672243,-0.5625,0.027080838603152,2016-02-08 21:27:38:971
0000 0000 0000 0000 0000 001E,-0.202116036744571,18.25,-0.0331066399254006,2016-02-08 21:27:39:002
0000 0000 0000 0000 0000 001E,-0.0885851324383155,26.5,-0.0144865302433876,2016-02-08 21:27:39:580
0000 0000 0000 0000 0000 001E,-0.396457327800078,9.125,-0.0648335777269139,2016-02-08 21:27:39:618
0000 0000 0000 0000 0000 001E,0.0871230707467211,-3.9375,0.0142474359356862,2016-02-08 21:27:39:641
0000 0000 0000 0000 0000 001E,0.307330434842099,0,0.050258452140981,2016-02-08 21:27:39:677
0000 0000 0000 0000 0000 001E,0.959410588258882,0.5625,0.156213392932247,2016-02-08 21:27:39:741
0000 0000 0000 0000 0000 001E,0.533078917612197,1.1875,0.0867971100589737,2016-02-08 21:27:39:767
0000 0000 0000 0000 0000 001E,0.691914777278048,-7.875,0.112659122487606,2016-02-08 21:27:39:799
0000 0000 0000 0000 0000 001E,0.720946805020097,3.3125,0.117386182635565,2016-02-08 21:27:39:823
0000 0000 0000 0000 0000 001E,1.16494017963652,-3.3125,0.189678183929962,2016-02-08 21:27:39:838
0000 0000 0000 0000 0000 001E,1.22412046128776,-1.1875,0.199314050684574,2016-02-08 21:27:39:862
0000 0000 0000 0000 0000 001E,1.30642784632818,13.6875,0.21271552450391,2016-02-08 21:27:39:893
0000 0000 0000 0000 0000 001E,4.31969274276429,-12.5,0.698790953264647,2016-02-08 21:27:40:256
0000 0000 0000 0000 0000 001E,-0.218840259449231,5.75,-0.0357679530562622,2016-02-08 21:27:41:299
0000 0000 0000 0000 0000 001E,-1.11721204887275,-3.9375,-0.181709739583533,2016-02-08 21:27:41:816
0000 0000 0000 0000 0000 001E,-1.39355095024972,7,-0.226409577619777,2016-02-08 21:27:42:252
0000 0000 0000 0000 0000 001E,-0.903889763050724,16.75,-0.14685455126738,2016-02-08 21:27:42:271
0000 0000 0000 0000 0000 001E,-1.22208524521781,-3.9375,-0.200835701761349,2016-02-08 21:27:42:555
0000 0000 0000 0000 0000 001E,-1.16356382978723,-8.5,-0.193122627350578,2016-02-08 21:27:42:722
0000 0000 0000 0000 0000 001E,-0.24851628676337,-5.75,-0.0404859549438018,2016-02-08 21:27:42:951
0000 0000 0000 0000 0000 001E,-1.15676000263227,9.75,-0.191252687125754,2016-02-08 21:27:43:203
0000 0000 0000 0000 0000 001E,-3.52643159083713,-38.4375,-0.583041872279493,2016-02-08 21:27:43:357
0000 0000 0000 0000 0000 001E,0.206745527680745,19.5,0.0334629934201367,2016-02-08 21:27:43:474
0000 0000 0000 0000 0000 001E,0.852042565125265,-24.6875,0.138206417700773,2016-02-08 21:27:44:062
0000 0000 0000 0000 0000 001E,1.13533070803319,-1.1875,0.188645368269154,2016-02-08 21:27:44:442
0000 0000 0000 0000 0000 001E,0.785154552368535,30.5,0.128118773843112,2016-02-08 21:27:44:940
0000 0000 0000 0000 0000 001E,2.25572450641898,-6.375,0.36808123574963,2016-02-08 21:27:44:960
0000 0000 0000 0000 0000 001E,1.68777004320691,8.8125,0.275404412815923,2016-02-08 21:27:44:981
0000 0000 0000 0000 0000 001E,1.47705611083391,-7,0.243403918291772,2016-02-08 21:27:45:068
0000 0000 0000 0000 0000 001E,1.98870064486933,6.375,0.327717766251469,2016-02-08 21:27:45:077
0000 0000 0000 0000 0000 001E,1.50361735827149,11.5625,0.247780943411946,2016-02-08 21:27:45:132
0000 0000 0000 0000 0000 001E,2.18805277122641,-13.0625,0.360568981800563,2016-02-08 21:27:45:204
0000 0000 0000 0000 0000 001E,1.54254624919683,2.6875,0.251024613376213,2016-02-08 21:27:45:340
0000 0000 0000 0000 0000 001E,1.29046911133135,0.5625,0.210003110062059,2016-02-08 21:27:45:355
0000 0000 0000 0000 0000 001E,1.0854503042003,7,0.180257454337166,2016-02-08 21:27:45:445
0000 0000 0000 0000 0000 001E,1.27365790160119,6.375,0.207605199934994,2016-02-08 21:27:45:779
0000 0000 0000 0000 0000 001E,1.36707436281135,2.6875,0.222832006978216,2016-02-08 21:27:45:790
0000 0000 0000 0000 0000 001E,1.08547905918376,8.5,0.179072707041588,2016-02-08 21:27:46:171
0000 0000 0000 0000 0000 001E,1.43151626202474,-7,0.236158855434381,2016-02-08 21:27:46:209
0000 0000 0000 0000 0000 001E,0.497342203265748,3.9375,0.0811987270637956,2016-02-08 21:27:46:315
0000 0000 0000 0000 0000 001E,0.262658015061861,12.5,0.0428829412345896,2016-02-08 21:27:46:339
0000 0000 0000 0000 0000 001E,0.601627957121735,-2.6875,0.0982249725913036,2016-02-08 21:27:46:371
0000 0000 0000 0000 0000 001E,0.234798979872227,3.3125,0.0383345273260778,2016-02-08 21:27:46:401
0000 0000 0000 0000 0000 001E,-0.123640547452649,-7,-0.0200227607210767,2016-02-08 21:27:46:470
0000 0000 0000 0000 0000 001E,-0.109854492890569,-5.1875,-0.0177902012778249,2016-02-08 21:27:46:492
0000 0000 0000 0000 0000 001E,-0.279214227588634,0,-0.0452168789617221,2016-02-08 21:27:46:515
0000 0000 0000 0000 0000 001E,-0.201411232108237,-5.75,-0.0326172035802814,2016-02-08 21:27:46:539
0000 0000 0000 0000 0000 001E,0.0162608648594639,-1.8125,0.00263333843877957,2016-02-08 21:27:46:599
0000 0000 0000 0000 0000 001E,-1.50200197271633,8.5,-0.246701665379085,2016-02-08 21:27:46:655
0000 0000 0000 0000 0000 001E,-1.08997075082725,2.6875,-0.179026129344744,2016-02-08 21:27:46:693
0000 0000 0000 0000 0000 001E,-2.37424892331203,14.9375,-0.389966973442983,2016-02-08 21:27:46:700
0000 0000 0000 0000 0000 001E,-0.787597452058068,-1.8125,-0.129361749585229,2016-02-08 21:27:46:734
0000 0000 0000 0000 0000 001E,-1.30906501340483,0,-0.215012047096331,2016-02-08 21:27:46:744
0000 0000 0000 0000 0000 001E,-1.44030521667881,-0.5625,-0.236568061868952,2016-02-08 21:27:46:772
0000 0000 0000 0000 0000 001E,-0.784132939829843,-4.5625,-0.128792708430853,2016-02-08 21:27:46:824
0000 0000 0000 0000 0000 001E,-0.50027309025162,1.8125,-0.081855427911364,2016-02-08 21:27:46:873
0000 0000 0000 0000 0000 001E,-0.288194330589894,-2.6875,-0.0471547854796663,2016-02-08 21:27:46:904
0000 0000 0000 0000 0000 001E,-0.611011176838633,5.75,-0.0999745585228196,2016-02-08 21:27:46:951
0000 0000 0000 0000 0000 001E,0.547301542105072,-13.0625,0.090587841451874,2016-02-08 21:27:47:208
0000 0000 0000 0000 0000 001E,0.157198581152555,-7,0.0258479442837854,2016-02-08 21:27:47:267
0000 0000 0000 0000 0000 001E,-0.693630584558565,-3.3125,-0.114052713273538,2016-02-08 21:27:47:281
0000 0000 0000 0000 0000 001E,-0.314164373034028,3.3125,-0.0516576113511693,2016-02-08 21:27:47:309
0000 0000 0000 0000 0000 001E,-0.576922618820749,10.9375,-0.0948625846238557,2016-02-08 21:27:47:335
0000 0000 0000 0000 0000 001E,1.03779224229543,1.1875,0.170642736469515,2016-02-08 21:27:47:342
0000 0000 0000 0000 0000 001E,-0.501391714839888,7.875,-0.0824431430265642,2016-02-08 21:27:47:368
0000 0000 0000 0000 0000 001E,-0.312143264840183,-1.8125,-0.0513252833390271,2016-02-08 21:27:47:390
0000 0000 0000 0000 0000 001E,-0.861011272851591,8.8125,-0.141574887287189,2016-02-08 21:27:47:436
0000 0000 0000 0000 0000 001E,0.390063308835279,-0.5625,0.0633391029231846,2016-02-08 21:27:47:555
0000 0000 0000 0000 0000 001E,-2.45991775227724,-9.75,-0.401837912160725,2016-02-08 21:27:47:696
0000 0000 0000 0000 0000 001E,-1.73741322472616,-7,-0.283813758463298,2016-02-08 21:27:47:724
0000 0000 0000 0000 0000 001E,-0.517658362046117,-25.9375,-0.084561670903259,2016-02-08 21:27:47:739
0000 0000 0000 0000 0000 001E,0.14378128680801,-5.75,0.0234872779974968,2016-02-08 21:27:47:850
0000 0000 0000 0000 0000 001E,-0.538275638884249,13.0625,-0.0875007811786913,2016-02-08 21:27:47:913
0000 0000 0000 0000 0000 001E,-0.670447394015676,1.8125,-0.108986300842429,2016-02-08 21:27:47:931
0000 0000 0000 0000 0000 001E,1.2568371943372,8.5,0.203976823533221,2016-02-08 21:27:48:316
0000 0000 0000 0000 0000 001E,0.975436995774106,20.75,0.158307329581949,2016-02-08 21:27:48:329
0000 0000 0000 0000 0000 001E,2.01272399381691,18.875,0.326652528074154,2016-02-08 21:27:48:346
0000 0000 0000 0000 0000 001E,2.7557679243311,-16.75,0.447243915228202,2016-02-08 21:27:48:387
0000 0000 0000 0000 0000 001E,1.11635345470735,9.125,0.181177190377174,2016-02-08 21:27:48:428
0000 0000 0000 0000 0000 001E,2.31204199549042,-0.5625,0.375229969514268,2016-02-08 21:27:48:433
0000 0000 0000 0000 0000 001E,0.388827751725359,-3.3125,0.063104314588914,2016-02-08 21:27:48:466
0000 0000 0000 0000 0000 001E,0.0687841169219937,-3.3125,0.0112791664807861,2016-02-08 21:27:48:580
0000 0000 0000 0000 0000 001E,-0.242732774905548,4.5625,-0.039803133354285,2016-02-08 21:27:48:600
0000 0000 0000 0000 0000 001E,-0.401497553755705,5.75,-0.0658372594297411,2016-02-08 21:27:48:625
0000 0000 0000 0000 0000 001E,-0.652491648106904,3.9375,-0.106995077579706,2016-02-08 21:27:48:656
0000 0000 0000 0000 0000 001E,-1.27207899130371,-6.375,-0.209740971360876,2016-02-08 21:27:48:721
0000 0000 0000 0000 0000 001E,1.98042349946018,7,0.32653314088379,2016-02-08 21:27:48:877
0000 0000 0000 0000 0000 001E,0.169336310039879,-5.75,0.0274376953885843,2016-02-08 21:27:49:071
0000 0000 0000 0000 0000 001E,-0.777987816603484,5.1875,-0.126057977305452,2016-02-08 21:27:49:089
0000 0000 0000 0000 0000 001E,0.100726390378744,-3.9375,0.0164989992430375,2016-02-08 21:27:49:156
0000 0000 0000 0000 0000 001E,-0.108524170503254,-8.1875,-0.01777627690471,2016-02-08 21:27:49:187
0000 0000 0000 0000 0000 001E,2.58094759235595,-6.375,0.425080580678992,2016-02-08 21:27:49:397
0000 0000 0000 0000 0000 001E,0.0255832154458755,-2.6875,0.00421354083654278,2016-02-08 21:27:49:446
0000 0000 0000 0000 0000 001E,-0.13399069936101,0,-0.02206819094609,2016-02-08 21:27:49:471
0000 0000 0000 0000 0000 001E,0.510043088440111,-1.8125,0.0834085181422913,2016-02-08 21:27:49:906
0000 0000 0000 0000 0000 001E,0.658113157060176,-5.1875,0.106462090654113,2016-02-08 21:27:50:397
0000 0000 0000 0000 0000 001E,0.53465910868477,-7.875,0.0864910933434517,2016-02-08 21:27:50:429
0000 0000 0000 0000 0000 001E,0.227925363430248,12.5,0.0368711830838902,2016-02-08 21:27:50:444
0000 0000 0000 0000 0000 001E,1.1175740491417,1.1875,0.180788468451071,2016-02-08 21:27:50:473
0000 0000 0000 0000 0000 001E,2.61072353838975,13.0625,0.432358300588973,2016-02-08 21:27:50:617
0000 0000 0000 0000 0000 001E,1.48208988686534,13.6875,0.245446848501023,2016-02-08 21:27:50:635
0000 0000 0000 0000 0000 001E,1.17713628740632,26.5,0.194943906277613,2016-02-08 21:27:50:654
0000 0000 0000 0000 0000 001E,1.37370549573147,-0.5625,0.224034601097821,2016-02-08 21:27:51:058
0000 0000 0000 0000 0000 001E,0.913878389265022,-1.8125,0.149042411948631,2016-02-08 21:27:51:119
0000 0000 0000 0000 0000 001E,0.537478443531224,-5.1875,0.0876561745362149,2016-02-08 21:27:51:133
0000 0000 0000 0000 0000 001E,2.36609676995071,-1.8125,0.388415338432401,2016-02-08 21:27:51:207
0000 0000 0000 0000 0000 001E,1.43532978137057,11.5625,0.235621851934977,2016-02-08 21:27:51:304
0000 0000 0000 0000 0000 001E,-0.141498897189039,18.25,-0.0231270330464243,2016-02-08 21:27:51:424
0000 0000 0000 0000 0000 001E,1.05714006495068,-5.1875,0.174014825506285,2016-02-08 21:27:51:593
0000 0000 0000 0000 0000 001E,1.35284109213918,-1.1875,0.222689891710152,2016-02-08 21:27:51:624
0000 0000 0000 0000 0000 001E,0.725155215445225,10.375,0.119367113653535,2016-02-08 21:27:51:672
0000 0000 0000 0000 0000 001E,1.90204159710629,-12.5,0.312065889599063,2016-02-08 21:27:51:844
0000 0000 0000 0000 0000 001E,1.09032980755105,-8.5,0.178889221911575,2016-02-08 21:27:51:878
0000 0000 0000 0000 0000 001E,0.832755955870597,10.375,0.136629361094438,2016-02-08 21:27:51:897
0000 0000 0000 0000 0000 001E,1.26878608991545,5.1875,0.208168349452903,2016-02-08 21:27:51:921
0000 0000 0000 0000 0000 001E,-3.3616274847285,1.8125,-0.546754266965871,2016-02-08 21:27:52:075
0000 0000 0000 0000 0000 001E,0.507351955354075,-1.1875,0.0837905789189224,2016-02-08 21:27:52:285
0000 0000 0000 0000 0000 001E,0.057866941218298,-0.5625,0.0095568854200327,2016-02-08 21:27:52:302
0000 0000 0000 0000 0000 001E,-0.614079904779015,21.3125,-0.0997692777870049,2016-02-08 21:27:52:396
0000 0000 0000 0000 0000 001E,-0.334343179157555,14.9375,-0.0543205815040707,2016-02-08 21:27:52:441
0000 0000 0000 0000 0000 001E,-1.40432527946603,21.3125,-0.228160077898624,2016-02-08 21:27:52:528
0000 0000 0000 0000 0000 001E,-1.18304292521402,-2.6875,-0.192208436265479,2016-02-08 21:27:52:546
0000 0000 0000 0000 0000 001E,-1.30742926633345,9.125,-0.214861013366221,2016-02-08 21:27:52:624
0000 0000 0000 0000 0000 001E,-1.0911312849162,-1.1875,-0.179314919460345,2016-02-08 21:27:52:644
0000 0000 0000 0000 0000 001E,-1.96376735210171,14.9375,-0.322722654412771,2016-02-08 21:27:52:659
0000 0000 0000 0000 0000 001E,-1.02264992320581,-9.75,-0.168060792638588,2016-02-08 21:27:52:681
0000 0000 0000 0000 0000 001E,-1.79123057266872,-4.5625,-0.294368212435287,2016-02-08 21:27:52:717
0000 0000 0000 0000 0000 001E,-1.88945981176625,2.6875,-0.310511061917214,2016-02-08 21:27:52:732
0000 0000 0000 0000 0000 001E,-1.52104770963129,-7,-0.252456051391086,2016-02-08 21:27:52:931
0000 0000 0000 0000 0000 001E,-1.63169941225035,1.1875,-0.270821479211677,2016-02-08 21:27:52:956
0000 0000 0000 0000 0000 001E,-1.64990424226995,-7.875,-0.268787006614708,2016-02-08 21:27:53:005
0000 0000 0000 0000 0000 001E,-1.16470259887946,7.875,-0.189742481490002,2016-02-08 21:27:53:095
0000 0000 0000 0000 0000 001E,-1.19459543445663,7.875,-0.194612343381477,2016-02-08 21:27:53:120
0000 0000 0000 0000 0000 001E,-1.38405511361039,3.9375,-0.225477346773346,2016-02-08 21:27:53:175
0000 0000 0000 0000 0000 001E,-1.07068785937043,3.3125,-0.177021966277834,2016-02-08 21:27:53:424
0000 0000 0000 0000 0000 001E,-0.513845040778743,-1.8125,-0.0849564685773617,2016-02-08 21:27:53:458
0000 0000 0000 0000 0000 001E,-2.00252050580998,3.3125,-0.331086333283545,2016-02-08 21:27:53:468
0000 0000 0000 0000 0000 001E,-1.16956705434609,-18.875,-0.189301384571798,2016-02-08 21:27:53:612
0000 0000 0000 0000 0000 001E,-1.9038526427167,9.75,-0.308149874731594,2016-02-08 21:27:53:642
0000 0000 0000 0000 0000 001E,-1.27044324675928,15.5625,-0.205628796346255,2016-02-08 21:27:53:663
0000 0000 0000 0000 0000 001E,-0.460131998337029,13.6875,-0.0744751008908059,2016-02-08 21:27:53:696
0000 0000 0000 0000 0000 001E,-2.29335025556016,-0.5625,-0.377299192030737,2016-02-08 21:27:53:985
0000 0000 0000 0000 0000 001E,-0.848582417095231,-6.375,-0.140222927638981,2016-02-08 21:27:54:082
0000 0000 0000 0000 0000 001E,-0.765497047982789,5.1875,-0.126493590963832,2016-02-08 21:27:54:150
0000 0000 0000 0000 0000 001E,-1.2075099606155,13.0625,-0.199533455348196,2016-02-08 21:27:54:171
0000 0000 0000 0000 0000 001E,-0.160964765285043,-12.5,-0.0261094509789201,2016-02-08 21:27:54:329
0000 0000 0000 0000 0000 001E,-0.371969308526224,8.5,-0.0603356542621612,2016-02-08 21:27:54:363
0000 0000 0000 0000 0000 001E,0.113364837673643,8.5,0.0184984777275458,2016-02-08 21:27:55:086
0000 0000 0000 0000 0000 001E,0.124348144418206,6.375,0.0202906953089268,2016-02-08 21:27:55:129
0000 0000 0000 0000 0000 001E,0.944565348809093,-24.0625,0.154130870080352,2016-02-08 21:27:55:146
0000 0000 0000 0000 0000 001E,-0.609379148964419,10.375,-0.0994363582754015,2016-02-08 21:27:55:183
0000 0000 0000 0000 0000 001E,-1.41651557167236,-8.5,-0.233427449328045,2016-02-08 21:27:55:258
0000 0000 0000 0000 0000 001E,-2.07383659197422,16.125,-0.341747309855681,2016-02-08 21:27:55:292
0000 0000 0000 0000 0000 001E,-0.878519701331414,-4.5625,-0.144771167481145,2016-02-08 21:27:55:320
0000 0000 0000 0000 0000 001E,-1.41461738739288,33.25,-0.233114647743952,2016-02-08 21:27:55:353
0000 0000 0000 0000 0000 001E,0.210375376992676,-3.9375,0.034235211878385,2016-02-08 21:27:55:552
0000 0000 0000 0000 0000 001E,-0.477260862804336,11.5625,-0.0776665358509904,2016-02-08 21:27:55:586
0000 0000 0000 0000 0000 001E,-0.127369806223216,1.8125,-0.0207273891331515,2016-02-08 21:27:55:613
0000 0000 0000 0000 0000 001E,0.0905622102009271,-3.9375,0.0147615664549188,2016-02-08 21:27:55:860
0000 0000 0000 0000 0000 001E,0.552941946055386,-16.125,0.0901290865615951,2016-02-08 21:27:55:935
0000 0000 0000 0000 0000 001E,0.140999494657811,-7,0.0229828027152096,2016-02-08 21:27:55:949
0000 0000 0000 0000 0000 001E,-0.136049387015881,9.125,-0.0225683251892532,2016-02-08 21:27:56:057
0000 0000 0000 0000 0000 001E,0.675284124706302,1.8125,0.112018378441742,2016-02-08 21:27:56:147
0000 0000 0000 0000 0000 001E,1.1983909772008,3.9375,0.197699913753225,2016-02-08 21:27:56:387
0000 0000 0000 0000 0000 001E,0.684993519365663,3.3125,0.113004154968215,2016-02-08 21:27:56:403
0000 0000 0000 0000 0000 001E,-0.0638693590582055,-7,-0.0104276504584825,2016-02-08 21:27:56:482
0000 0000 0000 0000 0000 001E,-1.67925608136446,-11.5625,-0.274164258181953,2016-02-08 21:27:56:549
0000 0000 0000 0000 0000 001E,-1.46873156885874,-8.5,-0.239792909201428,2016-02-08 21:27:56:566
0000 0000 0000 0000 0000 001E,-0.955000706276078,2.6875,-0.155918482657319,2016-02-08 21:27:56:589
0000 0000 0000 0000 0000 001E,-1.02400821391122,1.8125,-0.167185014516118,2016-02-08 21:27:56:614
0000 0000 0000 0000 0000 001E,-2.07079304147743,0,-0.335351099834401,2016-02-08 21:27:56:683
0000 0000 0000 0000 0000 001E,-1.94902704569879,-8.5,-0.315631910234622,2016-02-08 21:27:56:703
0000 0000 0000 0000 0000 001E,-2.12352394773664,7,-0.343890517852087,2016-02-08 21:27:56:729
0000 0000 0000 0000 0000 001E,0.454526664543628,-6.375,0.0736075570111139,2016-02-08 21:27:56:830
0000 0000 0000 0000 0000 001E,-0.550914533322959,-3.9375,-0.090486920337743,2016-02-08 21:27:56:877
0000 0000 0000 0000 0000 001E,0.763320098120739,29.25,0.124895571004211,2016-02-08 21:27:57:103
0000 0000 0000 0000 0000 001E,0.399398452677142,13.0625,0.0661073300982856,2016-02-08 21:27:57:421
0000 0000 0000 0000 0000 001E,1.4338210758142,-9.4375,0.232826155747908,2016-02-08 21:27:57:721
0000 0000 0000 0000 0000 001E,2.11640727051419,-5.1875,0.345724030032267,2016-02-08 21:27:57:954
0000 0000 0000 0000 0000 001E,1.67482712096419,6.375,0.27359005515342,2016-02-08 21:27:57:986
0000 0000 0000 0000 0000 001E,1.35470069360676,11.5625,0.221296056674123,2016-02-08 21:27:58:011
0000 0000 0000 0000 0000 001E,0.845529574015436,-0.5625,0.138120812526344,2016-02-08 21:27:58:053
0000 0000 0000 0000 0000 001E,0.909881205909758,0.5625,0.147908080072028,2016-02-08 21:27:58:174
0000 0000 0000 0000 0000 001E,0.614695806904565,9.75,0.0999234581800973,2016-02-08 21:27:58:194
0000 0000 0000 0000 0000 001E,1.018647180664,-3.9375,0.165588812895801,2016-02-08 21:27:58:228
0000 0000 0000 0000 0000 001E,1.49369969152681,5.1875,0.24453473803986,2016-02-08 21:27:58:325
0000 0000 0000 0000 0000 001E,2.32128000950796,-2.6875,0.380018555444687,2016-02-08 21:27:58:333
0000 0000 0000 0000 0000 001E,1.47255009549978,-3.9375,0.241072321227795,2016-02-08 21:27:58:363
0000 0000 0000 0000 0000 001E,1.18536998132586,-4.5625,0.194057841417604,2016-02-08 21:27:58:427
0000 0000 0000 0000 0000 001E,0.54046627106137,-2.6875,0.0884801535161862,2016-02-08 21:27:58:444
0000 0000 0000 0000 0000 001E,0.277382095300855,-1.8125,0.0450173808981641,2016-02-08 21:27:58:564
0000 0000 0000 0000 0000 001E,-0.0415806224985096,-2.6875,-0.00674827522291203,2016-02-08 21:27:58:613
0000 0000 0000 0000 0000 001E,0.303330520583119,-5.1875,0.0492286481876851,2016-02-08 21:27:58:637
0000 0000 0000 0000 0000 001E,-0.351711625729309,-0.5625,-0.0570805992527957,2016-02-08 21:27:58:651
0000 0000 0000 0000 0000 001E,3.27556413672127,3.3125,0.537124482654486,2016-02-08 21:27:58:765
0000 0000 0000 0000 0000 001E,-0.851612082747929,-7.875,-0.139646692989548,2016-02-08 21:27:58:799
0000 0000 0000 0000 0000 001E,-0.902340217434043,-5.75,-0.147965053419083,2016-02-08 21:27:58:825
0000 0000 0000 0000 0000 001E,-0.715877158449174,-3.9375,-0.117388984714267,2016-02-08 21:27:58:843
0000 0000 0000 0000 0000 001E,-1.40386819192796,0.5625,-0.230205224147793,2016-02-08 21:27:58:862
0000 0000 0000 0000 0000 001E,-2.41781778381642,-15.5625,-0.398650912418207,2016-02-08 21:27:58:933
0000 0000 0000 0000 0000 001E,-2.15205925826391,3.9375,-0.35483252403362,2016-02-08 21:27:59:008
0000 0000 0000 0000 0000 001E,-1.57109351616283,-8.5,-0.259042624264275,2016-02-08 21:27:59:035
0000 0000 0000 0000 0000 001E,-1.54913319358676,-6.375,-0.251007268742117,2016-02-08 21:27:59:171
0000 0000 0000 0000 0000 001E,-1.69011146365584,-5.75,-0.273850088629086,2016-02-08 21:27:59:183
0000 0000 0000 0000 0000 001E,-1.88148564774168,3.9375,-0.304858598067786,2016-02-08 21:27:59:246
0000 0000 0000 0000 0000 001E,-0.788343590709547,21.3125,-0.129130809289033,2016-02-08 21:27:59:449
0000 0000 0000 0000 0000 001E,3.49933148351943,5.1875,0.576337878153077,2016-02-08 21:27:59:579
0000 0000 0000 0000 0000 001E,-1.41745706980483,8.5,-0.233454362306588,2016-02-08 21:27:59:642
0000 0000 0000 0000 0000 001E,-1.24885718612582,5.75,-0.205686058653717,2016-02-08 21:27:59:664
0000 0000 0000 0000 0000 001E,-1.97764061701817,-2.6875,-0.322003899650177,2016-02-08 21:28:00:139
0000 0000 0000 0000 0000 001E,-1.61125027807645,-5.1875,-0.262347399415433,2016-02-08 21:28:00:166
0000 0000 0000 0000 0000 001E,-2.26001065773447,6.375,-0.367980025682682,2016-02-08 21:28:00:202
0000 0000 0000 0000 0000 001E,-0.749788859457174,3.3125,-0.122082310902118,2016-02-08 21:28:00:228
0000 0000 0000 0000 0000 001E,-0.674449845129965,-6.375,-0.109815442897688,2016-02-08 21:28:00:252
0000 0000 0000 0000 0000 001E,-1.33070309260027,1.1875,-0.2152660705204,2016-02-08 21:28:00:563
0000 0000 0000 0000 0000 001E,-1.0097622591258,-3.9375,-0.163347898483549,2016-02-08 21:28:00:654
0000 0000 0000 0000 0000 001E,-0.799895405049467,8.5,-0.129398016454484,2016-02-08 21:28:00:685
0000 0000 0000 0000 0000 001E,0.289231874185524,-7.875,0.0478992891281575,2016-02-08 21:28:00:816
0000 0000 0000 0000 0000 001E,-0.333400558357745,10.9375,-0.055275030399184,2016-02-08 21:28:00:997
0000 0000 0000 0000 0000 001E,0.158565049725999,3.9375,0.0260298303243774,2016-02-08 21:28:01:363
0000 0000 0000 0000 0000 001E,-0.282537466728385,7,-0.0463809794902958,2016-02-08 21:28:01:380
0000 0000 0000 0000 0000 001E,-0.031642877972915,7,-0.00519445329240739,2016-02-08 21:28:01:396
0000 0000 0000 0000 0000 001E,-0.165768813655223,-13.0625,-0.0272123907505154,2016-02-08 21:28:01:422
0000 0000 0000 0000 0000 001E,-0.435035956343273,-3.3125,-0.0714149312738614,2016-02-08 21:28:01:453
0000 0000 0000 0000 0000 001E,-1.07560048292807,-3.3125,-0.17656916272417,2016-02-08 21:28:01:465
0000 0000 0000 0000 0000 001E,-0.645952345159351,13.0625,-0.10603868867185,2016-02-08 21:28:01:490
0000 0000 0000 0000 0000 001E,-0.0541091810726958,1.1875,-0.0088437778925681,2016-02-08 21:28:01:559
0000 0000 0000 0000 0000 001E,-0.0255805348910309,0,-0.00418096456949566,2016-02-08 21:28:01:578
0000 0000 0000 0000 0000 001E,0.413127896924661,-5.1875,0.0675229469231264,2016-02-08 21:28:01:605
0000 0000 0000 0000 0000 001E,0,1.8125,0,2016-02-08 21:28:01:624
0000 0000 0000 0000 0000 001E,0.340048459172422,9.125,0.0555786095078869,2016-02-08 21:28:01:694
0000 0000 0000 0000 0000 001E,-0.0366605037915758,13.0625,-0.0059919101811347,2016-02-08 21:28:01:720
0000 0000 0000 0000 0000 001E,-0.0886467820508928,1.8125,-0.0145920628890358,2016-02-08 21:28:01:772
0000 0000 0000 0000 0000 001E,-0.0174392389013912,3.3125,-0.0028706566092825,2016-02-08 21:28:01:800
0000 0000 0000 0000 0000 001E,-0.0569225052459779,4.5625,-0.00936995971127208,2016-02-08 21:28:01:834
0000 0000 0000 0000 0000 001E,-0.0404139422281063,-0.5625,-0.00665250077828911,2016-02-08 21:28:01:847
0000 0000 0000 0000 0000 001E,-0.0847048746638908,-3.3125,-0.0139431892450849,2016-02-08 21:28:01:870
0000 0000 0000 0000 0000 001E,-0.0313020866722213,9.75,-0.00515260685962491,2016-02-08 21:28:01:885
0000 0000 0000 0000 0000 001E,-0.0984438004032266,4.5625,-0.0162047408071155,2016-02-08 21:28:01:915
0000 0000 0000 0000 0000 001E,0.376671416632739,6.375,0.061800068356479,2016-02-08 21:28:02:006
0000 0000 0000 0000 0000 001E,0.25839259136762,0,0.0423941905443183,2016-02-08 21:28:02:055
0000 0000 0000 0000 0000 001E,0.189177333551885,-3.3125,0.0310381187123684,2016-02-08 21:28:02:109
0000 0000 0000 0000 0000 001E,0.383587448936838,6.375,0.0629347742308184,2016-02-08 21:28:02:128
0000 0000 0000 0000 0000 001E,0.513492053395752,-4.5625,0.0835172762367717,2016-02-08 21:28:02:207
0000 0000 0000 0000 0000 001E,0.544911703314873,5.1875,0.0886275472997896,2016-02-08 21:28:02:231
0000 0000 0000 0000 0000 001E,0.666116298576801,1.8125,0.10834095395665,2016-02-08 21:28:02:277
0000 0000 0000 0000 0000 001E,0.988383567466904,5.1875,0.160756340601828,2016-02-08 21:28:02:302
0000 0000 0000 0000 0000 001E,1.03346927632171,3.3125,0.16808933743373,2016-02-08 21:28:02:324
0000 0000 0000 0000 0000 001E,1.79499263663744,0,0.296447999444663,2016-02-08 21:28:02:405
0000 0000 0000 0000 0000 001E,1.67463074707995,1.1875,0.276569900426086,2016-02-08 21:28:02:436
0000 0000 0000 0000 0000 001E,0.896257801027899,7,0.148019455165632,2016-02-08 21:28:02:444
0000 0000 0000 0000 0000 001E,1.37719609138412,-3.3125,0.227447744241804,2016-02-08 21:28:02:478
0000 0000 0000 0000 0000 001E,0.793857635334498,1.1875,0.131107784530883,2016-02-08 21:28:02:511
0000 0000 0000 0000 0000 001E,0.957812592878797,-3.9375,0.155615368461218,2016-02-08 21:28:02:613
0000 0000 0000 0000 0000 001E,0.724347185068094,6.375,0.117684351757611,2016-02-08 21:28:02:654
0000 0000 0000 0000 0000 001E,2.34233691805599,-17.6875,0.380558394485133,2016-02-08 21:28:02:666
0000 0000 0000 0000 0000 001E,-0.289726858936323,13.6875,-0.0479019331391,2016-02-08 21:28:03:630
0000 0000 0000 0000 0000 001E,-0.36452500933184,2.6875,-0.060268670597714,2016-02-08 21:28:03:659
0000 0000 0000 0000 0000 001E,-0.324008792302588,13.0625,-0.0535699298378487,2016-02-08 21:28:03:682
0000 0000 0000 0000 0000 001E,0,0,0,2016-02-08 21:28:03:944
0000 0000 0000 0000 0000 001E,-2.30001434265354,6.375,-0.378395559526221,2016-02-08 21:28:04:018
0000 0000 0000 0000 0000 001E,-2.85706280671952,7.875,-0.470040494661835,2016-02-08 21:28:04:056
0000 0000 0000 0000 0000 001E,-1.44819799190481,2.6875,-0.238255770535478,2016-02-08 21:28:04:085
0000 0000 0000 0000 0000 001E,-1.48233530661809,3.9375,-0.243871999992009,2016-02-08 21:28:04:100
0000 0000 0000 0000 0000 001E,-0.91408480366921,5.1875,-0.150384119057177,2016-02-08 21:28:04:121
0000 0000 0000 0000 0000 001E,-0.87234073812882,3.9375,-0.143516436215325,2016-02-08 21:28:04:132
0000 0000 0000 0000 0000 001E,-0.465712123991196,9.125,-0.0766183916629332,2016-02-08 21:28:04:159
0000 0000 0000 0000 0000 001E,0.724190828027782,6.375,0.119667996920041,2016-02-08 21:28:04:321
0000 0000 0000 0000 0000 001E,0.860154873752201,11.5625,0.142135203594415,2016-02-08 21:28:04:330
0000 0000 0000 0000 0000 001E,-0.266209382837203,-8.5,-0.0442330738583002,2016-02-08 21:28:04:857
0000 0000 0000 0000 0000 001E,-1.64438130020252,-5.1875,-0.27322868460856,2016-02-08 21:28:04:901
0000 0000 0000 0000 0000 001E,-0.793768869019972,0.5625,-0.131891808754357,2016-02-08 21:28:04:927
0000 0000 0000 0000 0000 001E,-0.442323806504212,-14.3125,-0.0734960631134111,2016-02-08 21:28:04:960
0000 0000 0000 0000 0000 001E,-0.398564402905885,-18.875,-0.0659329037065153,2016-02-08 21:28:05:026
0000 0000 0000 0000 0000 001E,-0.936700682084621,8.5,-0.154954620692245,2016-02-08 21:28:05:045
0000 0000 0000 0000 0000 001E,-0.953582342800656,-13.6875,-0.155180202245835,2016-02-08 21:28:05:671
0000 0000 0000 0000 0000 001E,-2.43580390102764,-9.75,-0.396387941583017,2016-02-08 21:28:05:681
0000 0000 0000 0000 0000 001E,-1.33705239599789,-7.875,-0.217583791049291,2016-02-08 21:28:05:709
0000 0000 0000 0000 0000 001E,-0.632953268806982,-9.75,-0.103002972954757,2016-02-08 21:28:05:751
0000 0000 0000 0000 0000 001E,-0.752874978584892,-7.875,-0.122518304082163,2016-02-08 21:28:05:769
0000 0000 0000 0000 0000 001E,-1.01988058593965,6.375,-0.165969175905557,2016-02-08 21:28:05:787
0000 0000 0000 0000 0000 001E,-1.0383752131608,-1.8125,-0.172439836118594,2016-02-08 21:28:05:862
0000 0000 0000 0000 0000 001E,-0.615132209563455,-1.1875,-0.102153148557452,2016-02-08 21:28:05:880
0000 0000 0000 0000 0000 001E,-1.4526695122222,-6.375,-0.241240439339418,2016-02-08 21:28:05:925
0000 0000 0000 0000 0000 001E,-1.5678755733945,0.5625,-0.260372362036174,2016-02-08 21:28:05:934
0000 0000 0000 0000 0000 001E,1.14097408241194,-1.8125,0.189268578779974,2016-02-08 21:28:06:245
0000 0000 0000 0000 0000 001E,0.046873500048,-11.5625,0.0077755322169754,2016-02-08 21:28:06:265
0000 0000 0000 0000 0000 001E,0.276333474816075,-2.6875,0.0451156693577265,2016-02-08 21:28:06:675
0000 0000 0000 0000 0000 001E,0.0525047716336459,5.75,0.00857220761365647,2016-02-08 21:28:06:713
0000 0000 0000 0000 0000 001E,0.451026464067985,1.1875,0.0736369737253853,2016-02-08 21:28:06:740
0000 0000 0000 0000 0000 001E,0.785556010725459,3.3125,0.128254042567422,2016-02-08 21:28:06:773
0000 0000 0000 0000 0000 001E,1.84070066695665,-5.75,0.300522557870473,2016-02-08 21:28:06:780
0000 0000 0000 0000 0000 001E,1.22532496477943,-1.8125,0.198433192676831,2016-02-08 21:28:06:850
0000 0000 0000 0000 0000 001E,1.25492844626168,2.6875,0.203227278746831,2016-02-08 21:28:06:867
0000 0000 0000 0000 0000 001E,1.9695585037658,11.5625,0.318956842715109,2016-02-08 21:28:06:956
0000 0000 0000 0000 0000 001E,1.80948738190929,-9.125,0.293034393831464,2016-02-08 21:28:07:004
0000 0000 0000 0000 0000 001E,1.51395120965981,18.875,0.248664310373908,2016-02-08 21:28:07:083
0000 0000 0000 0000 0000 001E,4.54890361744302,-10.375,0.747150881594801,2016-02-08 21:28:07:138
0000 0000 0000 0000 0000 001E,1.79489785098261,14.3125,0.29480939244171,2016-02-08 21:28:07:183
0000 0000 0000 0000 0000 001E,0.318344330282762,3.3125,0.0520879733214228,2016-02-08 21:28:07:384
0000 0000 0000 0000 0000 001E,0.116442269475356,-9.75,0.0190524575089211,2016-02-08 21:28:07:409
0000 0000 0000 0000 0000 001E,-0.246026830702048,11.5625,-0.0407216823230976,2016-02-08 21:28:07:457
0000 0000 0000 0000 0000 001E,1.10123632593987,-14.3125,0.181074758992579,2016-02-08 21:28:07:736
0000 0000 0000 0000 0000 001E,0.887974031878476,7,0.1450542932554,2016-02-08 21:28:08:092
0000 0000 0000 0000 0000 001E,3.14082919067525,-3.9375,0.510565568790342,2016-02-08 21:28:08:401
0000 0000 0000 0000 0000 001E,2.02036266964581,0,0.328425251093874,2016-02-08 21:28:08:438
0000 0000 0000 0000 0000 001E,1.03433537745986,-0.5625,0.169331848970236,2016-02-08 21:28:08:501
0000 0000 0000 0000 0000 001E,1.9422682186751,-18.875,0.317970240437943,2016-02-08 21:28:08:520
0000 0000 0000 0000 0000 001E,1.13487797791981,-10.375,0.185791756276095,2016-02-08 21:28:08:576
0000 0000 0000 0000 0000 001E,0.746806008112781,-6.375,0.122260192324057,2016-02-08 21:28:08:606
0000 0000 0000 0000 0000 001E,0.469262324043191,7,0.0768232999797856,2016-02-08 21:28:08:624
0000 0000 0000 0000 0000 001E,1.32181100729162,11.5625,0.214521667399235,2016-02-08 21:28:08:684
0000 0000 0000 0000 0000 001E,1.6167630808917,-1.1875,0.262390545992701,2016-02-08 21:28:08:710
0000 0000 0000 0000 0000 001E,2.49082092315287,-8.5,0.404244672407823,2016-02-08 21:28:08:716
0000 0000 0000 0000 0000 001E,1.44259177191816,1.8125,0.234123630822531,2016-02-08 21:28:08:743
0000 0000 0000 0000 0000 001E,1.44482980474692,4.5625,0.234486849566717,2016-02-08 21:28:08:815
0000 0000 0000 0000 0000 001E,1.28925949885142,-5.1875,0.211411778986295,2016-02-08 21:28:08:900
0000 0000 0000 0000 0000 001E,1.39152887069332,-3.9375,0.228181831761682,2016-02-08 21:28:08:945
0000 0000 0000 0000 0000 001E,0.828509736800568,-3.3125,0.135858388106133,2016-02-08 21:28:08:971
0000 0000 0000 0000 0000 001E,1.24244592875318,0,0.203735325840915,2016-02-08 21:28:08:985
0000 0000 0000 0000 0000 001E,0.874236482205817,-2.6875,0.143356624575974,2016-02-08 21:28:09:022
0000 0000 0000 0000 0000 001E,0.573981033547337,11.5625,0.094120967512545,2016-02-08 21:28:09:044
0000 0000 0000 0000 0000 001E,0.0538971521607131,14.3125,0.00888658733070291,2016-02-08 21:28:09:107
0000 0000 0000 0000 0000 001E,0.213176708142329,0.5625,0.0351486740547945,2016-02-08 21:28:09:179
0000 0000 0000 0000 0000 001E,0.317283220822353,2.6875,0.0523138039278406,2016-02-08 21:28:09:206
0000 0000 0000 0000 0000 001E,-0.0767810249394611,7,-0.0126596908391527,2016-02-08 21:28:09:238
0000 0000 0000 0000 0000 001E,-0.0905532528467062,7.875,-0.0146724147199632,2016-02-08 21:28:09:296
0000 0000 0000 0000 0000 001E,-0.660027301508253,6.375,-0.106944742345383,2016-02-08 21:28:09:353
0000 0000 0000 0000 0000 001E,-0.811724455263314,15.5625,-0.131524351379419,2016-02-08 21:28:09:370
0000 0000 0000 0000 0000 001E,-0.527410052978086,0,-0.0854566653488662,2016-02-08 21:28:09:439
0000 0000 0000 0000 0000 001E,-2.3002774621737,-0.5625,-0.376785825089876,2016-02-08 21:28:09:525
0000 0000 0000 0000 0000 001E,-1.49534886688444,-3.9375,-0.244938389334061,2016-02-08 21:28:09:550
0000 0000 0000 0000 0000 001E,-1.49910910087719,3.3125,-0.245554316278,2016-02-08 21:28:09:614
0000 0000 0000 0000 0000 001E,-1.93133264950705,9.75,-0.318089374061003,2016-02-08 21:28:09:792
0000 0000 0000 0000 0000 001E,-1.47935996970271,-4.5625,-0.243649734235966,2016-02-08 21:28:09:855
0000 0000 0000 0000 0000 001E,-1.39673250042066,33.25,-0.231310930238034,2016-02-08 21:28:10:913
0000 0000 0000 0000 0000 001E,0.240114096308065,17.0625,0.0397649621266461,2016-02-08 21:28:10:965
0000 0000 0000 0000 0000 001E,0.474686236195365,-7.625,0.0786121285446368,2016-02-08 21:28:10:991
0000 0000 0000 0000 0000 001E,-0.968875032528789,-15.8125,-0.160454048997315,2016-02-08 21:28:11:064
0000 0000 0000 0000 0000 001E,0.138075572627015,5.1875,0.0228917777220804,2016-02-08 21:28:11:139
0000 0000 0000 0000 0000 001E,-0.684730402468097,5.1875,-0.11352258675901,2016-02-08 21:28:11:153
0000 0000 0000 0000 0000 001E,0.102177609207428,7,0.0169401949501125,2016-02-08 21:28:11:172
0000 0000 0000 0000 0000 001E,0.30303977174775,2.6875,0.0502414653353551,2016-02-08 21:28:11:278
0000 0000 0000 0000 0000 001E,0.73672501886016,-23.75,0.120150859286789,2016-02-08 21:28:11:330
0000 0000 0000 0000 0000 001E,-0.185305977229603,-13.0625,-0.0302211433372552,2016-02-08 21:28:11:353
0000 0000 0000 0000 0000 001E,-2.10394928607638,31.125,-0.343128451113299,2016-02-08 21:28:11:365
0000 0000 0000 0000 0000 001E,1.11176781123761,20.125,0.181315761550031,2016-02-08 21:28:11:379
0000 0000 0000 0000 0000 001E,-0.424002474817647,-7.875,-0.0691496289455254,2016-02-08 21:28:11:390
0000 0000 0000 0000 0000 001E,-0.126195322090844,-5.1875,-0.0205809168944024,2016-02-08 21:28:11:406
0000 0000 0000 0000 0000 001E,-0.464808424559732,0,-0.0758045813361889,2016-02-08 21:28:11:418
0000 0000 0000 0000 0000 001E,0.334396267602618,12.5,0.0545359501390517,2016-02-08 21:28:11:442
0000 0000 0000 0000 0000 001E,1.03859494344001,7,0.169382159843437,2016-02-08 21:28:11:452
0000 0000 0000 0000 0000 001E,-0.12939744269246,-19.5,-0.0211031436845545,2016-02-08 21:28:11:467
0000 0000 0000 0000 0000 001E,-0.321526114935648,-22.25,-0.0524369853116034,2016-02-08 21:28:11:484
0000 0000 0000 0000 0000 001E,1.43910909327323,-22.5625,0.236242258813663,2016-02-08 21:28:11:568
0000 0000 0000 0000 0000 001E,-0.127455298877577,0,-0.0209114518256895,2016-02-08 21:28:12:145
0000 0000 0000 0000 0000 001E,0.533407526764258,-1.8125,0.0875155909375321,2016-02-08 21:28:12:163
0000 0000 0000 0000 0000 001E,-0.630162289475385,0,-0.103390039290465,2016-02-08 21:28:12:179
0000 0000 0000 0000 0000 001E,-0.132763289074183,13.6875,-0.0217823279859201,2016-02-08 21:28:12:223
0000 0000 0000 0000 0000 001E,0.453441804674199,-0.5625,0.0743957021614765,2016-02-08 21:28:12:242
0000 0000 0000 0000 0000 001E,-0.127293316388049,-3.9375,-0.0208848755353649,2016-02-08 21:28:12:273
0000 0000 0000 0000 0000 001E,-0.509373068155474,13.6875,-0.0835722835365831,2016-02-08 21:28:12:299
0000 0000 0000 0000 0000 001E,0.807076446280993,-14.3125,0.13329090772601,2016-02-08 21:28:12:649
0000 0000 0000 0000 0000 001E,-0.628216468317787,25.3125,-0.10375168758345,2016-02-08 21:28:12:677
0000 0000 0000 0000 0000 001E,0.362980411834673,27.4375,0.0599472191304166,2016-02-08 21:28:12:704
0000 0000 0000 0000 0000 001E,-0.298472584457394,8.8125,-0.0490505479798512,2016-02-08 21:28:13:065
0000 0000 0000 0000 0000 001E,0.116894095819493,-5.75,0.0192102047361533,2016-02-08 21:28:13:099
0000 0000 0000 0000 0000 001E,-0.133150321386833,14.625,-0.0218817290693234,2016-02-08 21:28:13:124
0000 0000 0000 0000 0000 001E,0.0963697143139099,-8.5,0.0159949733301095,2016-02-08 21:28:13:202
0000 0000 0000 0000 0000 001E,0.185587704294944,-11.5625,0.0308029384721899,2016-02-08 21:28:13:213
0000 0000 0000 0000 0000 001E,-0.161106391051868,-3.3125,-0.0267396499671149,2016-02-08 21:28:13:243
0000 0000 0000 0000 0000 001E,-0.192380619360937,13.6875,-0.0319303932549273,2016-02-08 21:28:13:276
0000 0000 0000 0000 0000 001E,0.533640710382515,-4.5625,0.088571072262658,2016-02-08 21:28:13:336
