0000 0000 0000 0000 0000 001E,-3.25840676942602,-40.25,-0.53518862897772,2016-02-08 20:42:35:427
0000 0000 0000 0000 0000 001E,-1.78955928165659,7.875,-0.293932540102369,2016-02-08 20:42:35:443
0000 0000 0000 0000 0000 001E,0.271947229184071,-2.6875,0.0446669415577451,2016-02-08 20:42:35:479
0000 0000 0000 0000 0000 001E,-0.571423346986542,2.6875,-0.0945804160529449,2016-02-08 20:42:35:802
0000 0000 0000 0000 0000 001E,-0.856428884636849,-3.3125,-0.141753746422651,2016-02-08 20:42:35:814
0000 0000 0000 0000 0000 001E,-0.860524952217836,6.375,-0.142431716229159,2016-02-08 20:42:35:855
0000 0000 0000 0000 0000 001E,-0.890153141430421,-5.1875,-0.14733569237469,2016-02-08 20:42:35:909
0000 0000 0000 0000 0000 001E,-1.51923226509023,6.375,-0.24980525049442,2016-02-08 20:42:35:985
0000 0000 0000 0000 0000 001E,-1.14924043598461,-3.3125,-0.18896800810928,2016-02-08 20:42:36:060
0000 0000 0000 0000 0000 001E,-1.17985511093212,5.75,-0.194001936574205,2016-02-08 20:42:36:073
0000 0000 0000 0000 0000 001E,-1.55320629439191,7.875,-0.25539155292824,2016-02-08 20:42:36:096
0000 0000 0000 0000 0000 001E,-1.01668777762354,-3.3125,-0.167172558666518,2016-02-08 20:42:36:118
0000 0000 0000 0000 0000 001E,-1.88236857044782,1.8125,-0.307492823922868,2016-02-08 20:42:36:443
0000 0000 0000 0000 0000 001E,-1.50529865125241,-4.5625,-0.245896866526394,2016-02-08 20:42:36:464
0000 0000 0000 0000 0000 001E,-1.09622400449013,1.1875,-0.179072802258122,2016-02-08 20:42:36:489
0000 0000 0000 0000 0000 001E,-0.748339253168752,-6.375,-0.122244364797509,2016-02-08 20:42:36:513
0000 0000 0000 0000 0000 001E,-1.55860971016343,9.75,-0.254605452245592,2016-02-08 20:42:36:529
0000 0000 0000 0000 0000 001E,-3.51948339661258,8.1875,-0.572118677314427,2016-02-08 20:42:36:650
0000 0000 0000 0000 0000 001E,0.773987418060532,8.1875,0.125817515805017,2016-02-08 20:42:36:710
0000 0000 0000 0000 0000 001E,-1.05559439327004,-1.1875,-0.173095555059313,2016-02-08 20:42:37:205
0000 0000 0000 0000 0000 001E,-1.65682380155942,-0.5625,-0.27168469006167,2016-02-08 20:42:37:288
0000 0000 0000 0000 0000 001E,-1.67689470808617,-8.5,-0.276487173633334,2016-02-08 20:42:37:571
0000 0000 0000 0000 0000 001E,-0.964030108588351,8.5,-0.157908289695062,2016-02-08 20:42:37:940
0000 0000 0000 0000 0000 001E,0.612718885466575,-9.75,0.100363453802879,2016-02-08 20:42:37:949
0000 0000 0000 0000 0000 001E,-0.0581564137684603,-2.6875,-0.00957832782351803,2016-02-08 20:42:38:090
0000 0000 0000 0000 0000 001E,-0.160618832236842,13.0625,-0.0264538290810061,2016-02-08 20:42:38:129
0000 0000 0000 0000 0000 001E,-0.0284305947771404,-0.5625,-0.00468250257103603,2016-02-08 20:42:38:164
0000 0000 0000 0000 0000 001E,-0.0158147773279353,7,-0.00260468470951446,2016-02-08 20:42:38:195
0000 0000 0000 0000 0000 001E,-0.0420642014128194,5.75,-0.0068938871476896,2016-02-08 20:42:38:236
0000 0000 0000 0000 0000 001E,0.449563374197536,-1.8125,0.0736787829878507,2016-02-08 20:42:38:316
0000 0000 0000 0000 0000 001E,0.685095479290606,-0.5625,0.112280056698815,2016-02-08 20:42:38:333
0000 0000 0000 0000 0000 001E,1.39988890481651,18.25,0.228927049029683,2016-02-08 20:42:38:437
0000 0000 0000 0000 0000 001E,1.4752556504561,2.6875,0.241251946108929,2016-02-08 20:42:38:454
0000 0000 0000 0000 0000 001E,1.75222108406309,10.375,0.283454475717944,2016-02-08 20:42:39:079
0000 0000 0000 0000 0000 001E,2.06443958227634,-4.5625,0.33396164717331,2016-02-08 20:42:39:084
0000 0000 0000 0000 0000 001E,1.36974435613145,-23.4375,0.22158172382822,2016-02-08 20:42:39:114
0000 0000 0000 0000 0000 001E,1.64440570319936,-7.875,0.272628743277042,2016-02-08 20:42:39:525
0000 0000 0000 0000 0000 001E,1.79738535618001,1.8125,0.29799149314949,2016-02-08 20:42:39:544
0000 0000 0000 0000 0000 001E,3.40987030801845,-7,0.565328042224668,2016-02-08 20:42:39:619
0000 0000 0000 0000 0000 001E,0.263018155330297,20.75,0.0429885298823695,2016-02-08 20:42:40:165
0000 0000 0000 0000 0000 001E,0.942006928759645,-10.9375,0.153964630143227,2016-02-08 20:42:40:186
0000 0000 0000 0000 0000 001E,0.770957714511275,-23.75,0.126007798612576,2016-02-08 20:42:40:206
0000 0000 0000 0000 0000 001E,-0.0110037690990219,-37.1875,-0.0018113200162999,2016-02-08 20:42:40:293
0000 0000 0000 0000 0000 001E,-0.309175742417527,-0.5625,-0.0508931263238727,2016-02-08 20:42:40:309
0000 0000 0000 0000 0000 001E,-0.116455229516798,-3.3125,-0.0191695851056458,2016-02-08 20:42:40:372
0000 0000 0000 0000 0000 001E,-1.31194278212018,-5.75,-0.213381856674466,2016-02-08 20:42:40:802
0000 0000 0000 0000 0000 001E,-0.0666595563139954,-10.0625,-0.0108418904278659,2016-02-08 20:42:40:817
0000 0000 0000 0000 0000 001E,4.35230551667,7,0.718795295899257,2016-02-08 20:42:41:020
0000 0000 0000 0000 0000 001E,0.549000730829773,-18.25,0.090768927665435,2016-02-08 20:42:42:125
0000 0000 0000 0000 0000 001E,-1.28495065789474,5.1875,-0.212447063856942,2016-02-08 20:42:42:155
0000 0000 0000 0000 0000 001E,0.269973736954868,1.1875,0.0436968551855735,2016-02-08 20:42:42:356
0000 0000 0000 0000 0000 001E,-1.4994112581957,6.375,-0.242688630946161,2016-02-08 20:42:42:380
0000 0000 0000 0000 0000 001E,2.73375749242524,-9.75,0.454238298381375,2016-02-08 20:42:43:486
0000 0000 0000 0000 0000 001E,2.22966695543753,21.3125,0.368844823066588,2016-02-08 20:42:43:627
0000 0000 0000 0000 0000 001E,1.66851801846033,4.5625,0.276016214799062,2016-02-08 20:42:43:652
0000 0000 0000 0000 0000 001E,3.20827818002041,10.9375,0.528691817635883,2016-02-08 20:42:43:996
0000 0000 0000 0000 0000 001E,4.66588641004893,-3.9375,0.768890921732865,2016-02-08 20:42:44:022
0000 0000 0000 0000 0000 001E,2.90239561861847,-0.5625,0.478285463106587,2016-02-08 20:42:44:076
0000 0000 0000 0000 0000 001E,2.5730361063674,-3.3125,0.424010344361561,2016-02-08 20:42:44:097
0000 0000 0000 0000 0000 001E,2.80712042180738,-2.6875,0.46258507362934,2016-02-08 20:42:44:112
0000 0000 0000 0000 0000 001E,4.02334666616116,-2.6875,0.654735014835013,2016-02-08 20:42:44:166
0000 0000 0000 0000 0000 001E,2.20601272195566,3.3125,0.366345871346083,2016-02-08 20:42:44:451
0000 0000 0000 0000 0000 001E,2.27739693823817,13.0625,0.37820043258868,2016-02-08 20:42:44:478
0000 0000 0000 0000 0000 001E,1.69070159209722,5.1875,0.280769708070394,2016-02-08 20:42:44:493
0000 0000 0000 0000 0000 001E,2.07989984787018,3.3125,0.345402687163606,2016-02-08 20:42:44:517
0000 0000 0000 0000 0000 001E,1.74824910489646,0.5625,0.284963179282226,2016-02-08 20:42:44:622
0000 0000 0000 0000 0000 001E,-0.382776075834468,5.1875,-0.0631470017873745,2016-02-08 20:42:45:039
0000 0000 0000 0000 0000 001E,-1.06361532339142,16.125,-0.173651481370028,2016-02-08 20:42:45:191
0000 0000 0000 0000 0000 001E,-3.10512718600954,-3.3125,-0.510012677691137,2016-02-08 20:42:45:631
0000 0000 0000 0000 0000 001E,-1.92633260920014,-14.3125,-0.316397362584201,2016-02-08 20:42:45:670
0000 0000 0000 0000 0000 001E,-1.59862453469076,-9.125,-0.262571782319862,2016-02-08 20:42:45:692
0000 0000 0000 0000 0000 001E,-1.03633132282237,-5.75,-0.170215930384183,2016-02-08 20:42:45:715
0000 0000 0000 0000 0000 001E,-0.900840427494597,3.3125,-0.147961745550714,2016-02-08 20:42:45:734
0000 0000 0000 0000 0000 001E,-0.331137913495592,-5.75,-0.0543889263885451,2016-02-08 20:42:45:747
0000 0000 0000 0000 0000 001E,-0.656659755687549,12.5,-0.107443646962784,2016-02-08 20:42:45:816
0000 0000 0000 0000 0000 001E,-1.12895025853371,5.1875,-0.185631722422644,2016-02-08 20:42:46:243
0000 0000 0000 0000 0000 001E,-1.09402815291121,3.3125,-0.179889529116669,2016-02-08 20:42:46:276
0000 0000 0000 0000 0000 001E,-1.30635868904293,-8.5,-0.214802744156141,2016-02-08 20:42:46:322
0000 0000 0000 0000 0000 001E,-1.7007474218003,5.1875,-0.279651535511148,2016-02-08 20:42:46:336
0000 0000 0000 0000 0000 001E,-1.60789449224559,-1.8125,-0.264383857316348,2016-02-08 20:42:46:355
0000 0000 0000 0000 0000 001E,-0.471509001241549,-2.6875,-0.076564384504717,2016-02-08 20:42:46:471
0000 0000 0000 0000 0000 001E,-0.214676302484064,-2.6875,-0.0348594807822567,2016-02-08 20:42:46:484
0000 0000 0000 0000 0000 001E,-0.484176277214916,-7,-0.0786213170037753,2016-02-08 20:42:46:508
0000 0000 0000 0000 0000 001E,-0.639508082305098,2.6875,-0.103844343540747,2016-02-08 20:42:46:522
0000 0000 0000 0000 0000 001E,-0.389423350803234,-1.1875,-0.0632351855160867,2016-02-08 20:42:46:549
0000 0000 0000 0000 0000 001E,-0.529589208242953,-8.5,-0.085995541257313,2016-02-08 20:42:46:570
0000 0000 0000 0000 0000 001E,0.765597778745645,6.375,0.125405041563578,2016-02-08 20:42:48:043
0000 0000 0000 0000 0000 001E,1.49691681995095,-9.125,0.245195220303186,2016-02-08 20:42:48:080
0000 0000 0000 0000 0000 001E,2.39632846283204,11.5625,0.392518994730883,2016-02-08 20:42:48:136
0000 0000 0000 0000 0000 001E,-2.34239027101341,9.125,-0.385790327369763,2016-02-08 20:42:48:384
0000 0000 0000 0000 0000 001E,1.9692995133362,-5.75,0.322747803332893,2016-02-08 20:42:48:463
0000 0000 0000 0000 0000 001E,3.42084946533923,8.5,0.560641813494548,2016-02-08 20:42:48:507
0000 0000 0000 0000 0000 001E,-1.01261146827043,-1.1875,-0.164875680044032,2016-02-08 20:42:48:980
0000 0000 0000 0000 0000 001E,0.238258615431533,0.5625,0.0387938044121899,2016-02-08 20:42:48:996
0000 0000 0000 0000 0000 001E,0.242944590094919,-5.75,0.0393008234178892,2016-02-08 20:42:49:252
0000 0000 0000 0000 0000 001E,0.412051687763712,-13.0625,0.0666570538307433,2016-02-08 20:42:49:266
0000 0000 0000 0000 0000 001E,-0.486437906354865,4.5625,-0.0786904135381286,2016-02-08 20:42:49:285
0000 0000 0000 0000 0000 001E,0,3.9375,0,2016-02-08 20:42:49:303
0000 0000 0000 0000 0000 001E,-0.179008918499719,-3.9375,-0.0289580348071802,2016-02-08 20:42:49:339
0000 0000 0000 0000 0000 001E,-0.316734386824751,-1.1875,-0.0512377007535321,2016-02-08 20:42:49:377
0000 0000 0000 0000 0000 001E,-0.388281193522735,-3.3125,-0.0628117325731036,2016-02-08 20:42:49:410
0000 0000 0000 0000 0000 001E,-1.37294117965134,0.5625,-0.223909950473173,2016-02-08 20:42:49:873
0000 0000 0000 0000 0000 001E,-1.28920340448477,1.8125,-0.210711534375065,2016-02-08 20:42:50:369
0000 0000 0000 0000 0000 001E,-1.01974125842831,1.1875,-0.167307835673225,2016-02-08 20:42:50:755
0000 0000 0000 0000 0000 001E,-0.132956092579986,3.9375,-0.0218139610467573,2016-02-08 20:42:50:785
0000 0000 0000 0000 0000 001E,-0.443395938111206,0,-0.0727474877951118,2016-02-08 20:42:50:799
0000 0000 0000 0000 0000 001E,-0.390114304909935,0.5625,-0.0640056283691444,2016-02-08 20:42:50:827
0000 0000 0000 0000 0000 001E,0.728549061567457,1.8125,0.118495374611134,2016-02-08 20:42:50:889
0000 0000 0000 0000 0000 001E,3.21277924865271,-1.8125,0.522544740903125,2016-02-08 20:42:51:008
0000 0000 0000 0000 0000 001E,-0.846407399836469,25.9375,-0.140482555989455,2016-02-08 20:42:51:700
0000 0000 0000 0000 0000 001E,0.542915715706928,3.3125,0.090110492233515,2016-02-08 20:42:51:717
0000 0000 0000 0000 0000 001E,-0.492703564924197,0.5625,-0.081776525298622,2016-02-08 20:42:51:758
0000 0000 0000 0000 0000 001E,0.667616984912777,-12.5,0.110807798325772,2016-02-08 20:42:51:779
0000 0000 0000 0000 0000 001E,-0.348837322171833,-3.9375,-0.0578983107339141,2016-02-08 20:42:51:811
0000 0000 0000 0000 0000 001E,0.942931284196971,-5.75,0.156503117709041,2016-02-08 20:42:51:817
0000 0000 0000 0000 0000 001E,-0.50860592524338,20.125,-0.0828573323774173,2016-02-08 20:42:51:874
0000 0000 0000 0000 0000 001E,0.566498508328499,-13.0625,0.0922886519134128,2016-02-08 20:42:51:898
0000 0000 0000 0000 0000 001E,-0.508067662870686,7.875,-0.0827696436932967,2016-02-08 20:42:51:915
0000 0000 0000 0000 0000 001E,0.446796840339397,-1.1875,0.0727879729035129,2016-02-08 20:42:51:951
0000 0000 0000 0000 0000 001E,-0.379339645545035,3.9375,-0.0617984760594681,2016-02-08 20:42:51:972
0000 0000 0000 0000 0000 001E,0.686994372142103,24.0625,0.111918713897709,2016-02-08 20:42:51:983
0000 0000 0000 0000 0000 001E,0.977233436389163,5.1875,0.159201754502715,2016-02-08 20:42:52:017
0000 0000 0000 0000 0000 001E,0.186952006279194,16.75,0.0304564767221061,2016-02-08 20:42:52:030
0000 0000 0000 0000 0000 001E,1.45316712475053,-9.125,0.24078991296612,2016-02-08 20:42:52:139
0000 0000 0000 0000 0000 001E,1.24978465249065,3.9375,0.207089420462411,2016-02-08 20:42:52:170
0000 0000 0000 0000 0000 001E,2.07373266075639,3.3125,0.34361767369617,2016-02-08 20:42:52:232
0000 0000 0000 0000 0000 001E,1.45283871430809,9.75,0.240204802586071,2016-02-08 20:42:52:295
0000 0000 0000 0000 0000 001E,1.3720770837895,1.1875,0.226852094316259,2016-02-08 20:42:52:322
0000 0000 0000 0000 0000 001E,0.168830266732526,2.6875,0.0273261829078813,2016-02-08 20:42:52:489
0000 0000 0000 0000 0000 001E,0.745012587732683,-1.8125,0.120584718812951,2016-02-08 20:42:52:499
0000 0000 0000 0000 0000 001E,0.308423870132331,1.1875,0.0499202379496624,2016-02-08 20:42:52:530
0000 0000 0000 0000 0000 001E,0.42284585408097,9.125,0.0684401166572921,2016-02-08 20:42:52:544
0000 0000 0000 0000 0000 001E,0.933179189906003,9.125,0.151040602628433,2016-02-08 20:42:52:570
0000 0000 0000 0000 0000 001E,1.99805421919929,17.6875,0.323396960215694,2016-02-08 20:42:52:579
0000 0000 0000 0000 0000 001E,1.33127272038776,7,0.221202889014859,2016-02-08 20:42:53:498
0000 0000 0000 0000 0000 001E,-0.0566802255842747,-4.5625,-0.00924888097649301,2016-02-08 20:42:53:924
0000 0000 0000 0000 0000 001E,-1.38421332388377,5.1875,-0.225871089021012,2016-02-08 20:42:53:939
0000 0000 0000 0000 0000 001E,0.199828626969511,-7,0.0326073364649733,2016-02-08 20:42:53:954
0000 0000 0000 0000 0000 001E,0.0942051995241007,-8.5,0.0153720749835356,2016-02-08 20:42:53:985
0000 0000 0000 0000 0000 001E,-0.487339061148447,13.0625,-0.0795222835705924,2016-02-08 20:42:54:000
0000 0000 0000 0000 0000 001E,0.648993730893625,0,0.105900527205922,2016-02-08 20:42:54:023
0000 0000 0000 0000 0000 001E,0,13.0625,0,2016-02-08 20:42:54:035
0000 0000 0000 0000 0000 001E,0.849835091200222,-10.9375,0.138673117954891,2016-02-08 20:42:54:049
0000 0000 0000 0000 0000 001E,0.0781416702229816,3.3125,0.0127508844530294,2016-02-08 20:42:54:068
0000 0000 0000 0000 0000 001E,-0.403338220716998,-1.1875,-0.0656368137863301,2016-02-08 20:42:54:347
0000 0000 0000 0000 0000 001E,0.260180769435709,9.75,0.0423402391270478,2016-02-08 20:42:54:366
0000 0000 0000 0000 0000 001E,-1.08405921005515,-0.5625,-0.176700767735151,2016-02-08 20:42:54:743
0000 0000 0000 0000 0000 001E,-1.14239772846318,-4.5625,-0.186209898690004,2016-02-08 20:42:54:771
0000 0000 0000 0000 0000 001E,-0.48048264703656,8.5,-0.0783182798755599,2016-02-08 20:42:54:784
0000 0000 0000 0000 0000 001E,-2.38006547170647,13.6875,-0.392642090465737,2016-02-08 20:42:55:220
0000 0000 0000 0000 0000 001E,-3.37016852640055,-6.375,-0.555980510266794,2016-02-08 20:42:55:261
0000 0000 0000 0000 0000 001E,-2.99544347516686,12.5,-0.48905199594561,2016-02-08 20:42:55:356
0000 0000 0000 0000 0000 001E,-1.61084764802912,0.5625,-0.264579411118936,2016-02-08 20:42:55:746
0000 0000 0000 0000 0000 001E,-1.25052195699074,2.6875,-0.20539643421693,2016-02-08 20:42:55:863
0000 0000 0000 0000 0000 001E,-0.774230311839323,-4.5625,-0.127166216015219,2016-02-08 20:42:55:878
0000 0000 0000 0000 0000 001E,-0.81511028502535,1.8125,-0.133880692859351,2016-02-08 20:42:55:894
0000 0000 0000 0000 0000 001E,-0.864349586088406,-5.1875,-0.141968177293469,2016-02-08 20:42:55:913
0000 0000 0000 0000 0000 001E,-1.78446315648996,5.1875,-0.291976518651207,2016-02-08 20:42:55:966
0000 0000 0000 0000 0000 001E,-2.13415124051935,20.125,-0.349193003630109,2016-02-08 20:42:55:989
0000 0000 0000 0000 0000 001E,-1.89752315860822,14.3125,-0.310475564539115,2016-02-08 20:42:56:000
0000 0000 0000 0000 0000 001E,-1.25638803516546,-16.75,-0.20557208101971,2016-02-08 20:42:56:028
0000 0000 0000 0000 0000 001E,-1.59024986005801,3.3125,-0.260199049914046,2016-02-08 20:42:56:048
0000 0000 0000 0000 0000 001E,-0.699877568084089,14.9375,-0.114515009776508,2016-02-08 20:42:56:102
0000 0000 0000 0000 0000 001E,-0.759594647150332,-12.5,-0.124899092433598,2016-02-08 20:42:56:505
0000 0000 0000 0000 0000 001E,-0.234171605234311,0,-0.038504511685554,2016-02-08 20:42:56:520
0000 0000 0000 0000 0000 001E,-0.596128709060989,16.75,-0.0968003316472513,2016-02-08 20:42:56:655
0000 0000 0000 0000 0000 001E,0.188871965960738,-5.75,0.0306693314144636,2016-02-08 20:42:56:676
0000 0000 0000 0000 0000 001E,-0.223731353731801,-6.375,-0.0363298544625388,2016-02-08 20:42:56:696
0000 0000 0000 0000 0000 001E,-1.08555191196087,16.125,-0.176273652821792,2016-02-08 20:42:56:702
0000 0000 0000 0000 0000 001E,0.298387466389637,-15.5625,0.0484526332432428,2016-02-08 20:42:56:735
0000 0000 0000 0000 0000 001E,0.217967730581691,-7,0.0356059456436195,2016-02-08 20:42:56:786
0000 0000 0000 0000 0000 001E,0.5347608834535,-15.25,0.0873554397147019,2016-02-08 20:42:56:797
0000 0000 0000 0000 0000 001E,-0.0112208580850502,3,-0.0018329743672829,2016-02-08 20:42:56:884
0000 0000 0000 0000 0000 001E,0.416607415834192,5.75,0.0680545737817902,2016-02-08 20:42:56:912
0000 0000 0000 0000 0000 001E,-0.217206961743772,23.4375,-0.0358131841292287,2016-02-08 20:42:57:804
0000 0000 0000 0000 0000 001E,3.26124768089054,-5.75,0.537716023230097,2016-02-08 20:42:57:810
0000 0000 0000 0000 0000 001E,0.244290530552839,-5.75,0.0402787354580114,2016-02-08 20:42:57:854
0000 0000 0000 0000 0000 001E,-0.0409546026420632,8.5,-0.00675261379094199,2016-02-08 20:42:57:878
0000 0000 0000 0000 0000 001E,4.89980604698376,19.5,0.807882283097075,2016-02-08 20:42:57:929
0000 0000 0000 0000 0000 001E,0.14461165407967,3.9375,0.0236874126256626,2016-02-08 20:42:58:279
0000 0000 0000 0000 0000 001E,0.239431799607713,-1.8125,0.0392189679947114,2016-02-08 20:42:58:297
0000 0000 0000 0000 0000 001E,0.211543668767231,-2.6875,0.0346508875949601,2016-02-08 20:42:58:322
0000 0000 0000 0000 0000 001E,0.237144851869839,2.6875,0.0388443655806453,2016-02-08 20:42:58:353
0000 0000 0000 0000 0000 001E,0.643077038457035,-0.5625,0.105914417533412,2016-02-08 20:42:58:404
0000 0000 0000 0000 0000 001E,1.15880182350947,10.375,0.190853992343036,2016-02-08 20:42:58:462
0000 0000 0000 0000 0000 001E,1.2908788424654,6.375,0.212607001229547,2016-02-08 20:42:58:481
0000 0000 0000 0000 0000 001E,1.78085678682147,-8.5,0.293306086218194,2016-02-08 20:42:58:498
0000 0000 0000 0000 0000 001E,1.8965561163326,-1.8125,0.312361699094032,2016-02-08 20:42:58:547
0000 0000 0000 0000 0000 001E,1.13437393235395,2.6875,0.185912144062378,2016-02-08 20:42:58:609
0000 0000 0000 0000 0000 001E,1.10329198473283,5.75,0.180818134618873,2016-02-08 20:42:58:682
0000 0000 0000 0000 0000 001E,0.481903120464439,-11.5625,0.0789789326082117,2016-02-08 20:42:58:699
0000 0000 0000 0000 0000 001E,0.326077883050213,19.5,0.0534407893554022,2016-02-08 20:42:58:723
0000 0000 0000 0000 0000 001E,1.04585909970289,-4.5625,0.171405479328527,2016-02-08 20:42:58:738
0000 0000 0000 0000 0000 001E,0.0522393548732212,1.8125,0.00854282172906315,2016-02-08 20:42:58:939
0000 0000 0000 0000 0000 001E,-0.0296233240308195,-8.5,-0.00484437024216182,2016-02-08 20:42:58:956
0000 0000 0000 0000 0000 001E,1.05521910227206,9.125,0.171813150980526,2016-02-08 20:42:59:005
0000 0000 0000 0000 0000 001E,1.86767258318051,2.6875,0.304098656691535,2016-02-08 20:42:59:047
0000 0000 0000 0000 0000 001E,2.13749609143572,-4.5625,0.348031928049235,2016-02-08 20:42:59:077
0000 0000 0000 0000 0000 001E,1.69462585592346,1.1875,0.275922798793508,2016-02-08 20:42:59:088
0000 0000 0000 0000 0000 001E,4.54423902161046,7,0.739903232826669,2016-02-08 20:42:59:167
0000 0000 0000 0000 0000 001E,3.30183783810819,-7.875,0.545007621145782,2016-02-08 20:42:59:234
0000 0000 0000 0000 0000 001E,2.39221423889042,-3.9375,0.39486342320062,2016-02-08 20:42:59:248
0000 0000 0000 0000 0000 001E,2.11778904727095,10.375,0.349566280154766,2016-02-08 20:42:59:269
0000 0000 0000 0000 0000 001E,-2.53495090903538,-10.9375,-0.418423808919183,2016-02-08 20:42:59:318
0000 0000 0000 0000 0000 001E,2.23542756703728,-5.1875,0.368983917530226,2016-02-08 20:42:59:373
0000 0000 0000 0000 0000 001E,1.97285353535354,-18.25,0.326721534974364,2016-02-08 20:42:59:617
0000 0000 0000 0000 0000 001E,0,-11.5625,0,2016-02-08 20:43:00:215
0000 0000 0000 0000 0000 001E,-0.687764101414943,-9.125,-0.112902451668664,2016-02-08 20:43:00:231
0000 0000 0000 0000 0000 001E,-0.26487360655293,-32.625,-0.0434813034013017,2016-02-08 20:43:00:267
0000 0000 0000 0000 0000 001E,-1.4301668473506,28.0625,-0.234774311466583,2016-02-08 20:43:00:294
0000 0000 0000 0000 0000 001E,-1.08353716965907,16.125,-0.177096786106086,2016-02-08 20:43:00:420
0000 0000 0000 0000 0000 001E,-0.579810832206353,3.3125,-0.094766139832147,2016-02-08 20:43:00:450
0000 0000 0000 0000 0000 001E,-0.631087287666174,-7.875,-0.103146927975948,2016-02-08 20:43:00:483
0000 0000 0000 0000 0000 001E,-0.195659096113115,-19.5,-0.0319791494600569,2016-02-08 20:43:00:521
0000 0000 0000 0000 0000 001E,-0.900708258550204,-13.0625,-0.147214643184452,2016-02-08 20:43:00:541
0000 0000 0000 0000 0000 001E,-0.83157495992787,-13.0625,-0.135915275390009,2016-02-08 20:43:00:571
0000 0000 0000 0000 0000 001E,-1.06830302201559,9.75,-0.175852349302977,2016-02-08 20:43:00:711
0000 0000 0000 0000 0000 001E,-1.23234592809978,7,-0.202855296806548,2016-02-08 20:43:00:745
0000 0000 0000 0000 0000 001E,-1.60566014468925,-7,-0.264306196656666,2016-02-08 20:43:00:763
0000 0000 0000 0000 0000 001E,-2.097127773801,-0.5625,-0.34520621790963,2016-02-08 20:43:00:791
0000 0000 0000 0000 0000 001E,-2.66887254287434,-3.3125,-0.437879006214001,2016-02-08 20:43:00:903
0000 0000 0000 0000 0000 001E,-2.99222930692215,7.875,-0.490931797690263,2016-02-08 20:43:00:944
0000 0000 0000 0000 0000 001E,-1.11312732039341,-4.5625,-0.182629584970206,2016-02-08 20:43:00:986
0000 0000 0000 0000 0000 001E,-1.79172361178717,1.8125,-0.291416147213961,2016-02-08 20:43:01:118
0000 0000 0000 0000 0000 001E,-2.73703551624375,16.75,-0.445167066887028,2016-02-08 20:43:01:134
0000 0000 0000 0000 0000 001E,-0.999855428311403,1.8125,-0.164314778687166,2016-02-08 20:43:01:668
0000 0000 0000 0000 0000 001E,-0.964710344340954,-1.8125,-0.158539086991118,2016-02-08 20:43:01:682
0000 0000 0000 0000 0000 001E,-0.57359467898926,1.8125,-0.0942637105980706,2016-02-08 20:43:01:724
0000 0000 0000 0000 0000 001E,-0.78187550040032,1.1875,-0.128492276154531,2016-02-08 20:43:01:733
0000 0000 0000 0000 0000 001E,-0.996008377853322,1.1875,-0.163682560041631,2016-02-08 20:43:01:773
0000 0000 0000 0000 0000 001E,-0.32609149344687,-2.6875,-0.0535893990874068,2016-02-08 20:43:01:785
0000 0000 0000 0000 0000 001E,-0.961183562992124,3.9375,-0.157959500902568,2016-02-08 20:43:01:796
0000 0000 0000 0000 0000 001E,0.38296568627451,-5.1875,0.0635627695061427,2016-02-08 20:43:01:906
0000 0000 0000 0000 0000 001E,0.257051627183537,-10.375,0.0426641704868941,2016-02-08 20:43:01:948
0000 0000 0000 0000 0000 001E,0.437062937062938,11.875,0.0725415663175,2016-02-08 20:43:01:965
0000 0000 0000 0000 0000 001E,-1.12847222222222,2.6875,-0.183840166530908,2016-02-08 20:43:02:059
0000 0000 0000 0000 0000 001E,-0.838410998759898,-2.6875,-0.136586098087412,2016-02-08 20:43:02:100
0000 0000 0000 0000 0000 001E,-0.717317451838003,1.1875,-0.116858667147109,2016-02-08 20:43:02:130
0000 0000 0000 0000 0000 001E,-0.418228051391862,5.75,-0.0681338123364423,2016-02-08 20:43:02:137
0000 0000 0000 0000 0000 001E,-0.831711606595353,13.0625,-0.135494695616946,2016-02-08 20:43:02:167
0000 0000 0000 0000 0000 001E,-0.312236585862109,2.6875,-0.0508666716039276,2016-02-08 20:43:02:184
0000 0000 0000 0000 0000 001E,0.0491031023732903,-9.75,0.00799941933857566,2016-02-08 20:43:02:214
0000 0000 0000 0000 0000 001E,-0.768995291041956,11.25,-0.124466461997619,2016-02-08 20:43:02:712
0000 0000 0000 0000 0000 001E,-0.101224410469033,-17.6875,-0.0163837729380685,2016-02-08 20:43:02:754
0000 0000 0000 0000 0000 001E,0.323758150071831,-25.3125,0.0524021823693279,2016-02-08 20:43:02:786
0000 0000 0000 0000 0000 001E,-0.851334012935883,14.3125,-0.137793473903839,2016-02-08 20:43:02:837
0000 0000 0000 0000 0000 001E,0.0443207089044219,14.9375,0.00729158907119636,2016-02-08 20:43:02:938
0000 0000 0000 0000 0000 001E,0.154936141519911,5.75,0.0254899053775559,2016-02-08 20:43:02:951
0000 0000 0000 0000 0000 001E,0.207661433229372,-3.3125,0.0341642061797705,2016-02-08 20:43:02:972
0000 0000 0000 0000 0000 001E,0.80894839297548,-4.5625,0.133087204767011,2016-02-08 20:43:02:990
0000 0000 0000 0000 0000 001E,0.569641815512109,-3.9375,0.0937167779838951,2016-02-08 20:43:03:015
0000 0000 0000 0000 0000 001E,1.09370532097412,8.5,0.17993506788716,2016-02-08 20:43:03:036
0000 0000 0000 0000 0000 001E,0.374207153517264,-5.1875,0.0618353875269507,2016-02-08 20:43:03:192
0000 0000 0000 0000 0000 001E,0.452164602384535,-9.125,0.0747173675105264,2016-02-08 20:43:03:218
0000 0000 0000 0000 0000 001E,0.0910859190399201,7,0.0150513774232862,2016-02-08 20:43:03:234
0000 0000 0000 0000 0000 001E,-1.41401367931718,3.3125,-0.229361505160937,2016-02-08 20:43:03:388
0000 0000 0000 0000 0000 001E,-1.36760689944916,9.75,-0.221834046950392,2016-02-08 20:43:03:420
0000 0000 0000 0000 0000 001E,-0.658014309525499,-5.75,-0.106733870158232,2016-02-08 20:43:03:435
0000 0000 0000 0000 0000 001E,0.732872873691503,-9.75,0.119263282944101,2016-02-08 20:43:04:503
0000 0000 0000 0000 0000 001E,0.532653611743502,5.75,0.0866808155807164,2016-02-08 20:43:04:524
0000 0000 0000 0000 0000 001E,0.442974774456933,-4.5625,0.0720870259490534,2016-02-08 20:43:04:544
0000 0000 0000 0000 0000 001E,0,-1.8125,0,2016-02-08 20:43:04:582
0000 0000 0000 0000 0000 001E,0.0622232310682084,-20.125,0.0101258309305465,2016-02-08 20:43:04:650
0000 0000 0000 0000 0000 001E,0.497352003201239,-5.1875,0.0810679711819461,2016-02-08 20:43:04:988
0000 0000 0000 0000 0000 001E,-1.03240629505046,-6.375,-0.168281384686301,2016-02-08 20:43:05:009
0000 0000 0000 0000 0000 001E,-1.40176435406699,-7,-0.228486447280682,2016-02-08 20:43:05:031
0000 0000 0000 0000 0000 001E,-1.54809696453734,-14.3125,-0.255391305670169,2016-02-08 20:43:05:348
0000 0000 0000 0000 0000 001E,-2.13085792214233,2.6875,-0.347895170962012,2016-02-08 20:43:05:558
0000 0000 0000 0000 0000 001E,-1.62045082518611,0,-0.264563400030386,2016-02-08 20:43:05:580
0000 0000 0000 0000 0000 001E,-0.791514695845065,-11.5625,-0.129226889117562,2016-02-08 20:43:05:604
0000 0000 0000 0000 0000 001E,-1.05810483730034,3.3125,-0.172751810171484,2016-02-08 20:43:05:632
0000 0000 0000 0000 0000 001E,-0.268080185571538,7,-0.0437681935627002,2016-02-08 20:43:05:651
0000 0000 0000 0000 0000 001E,-0.651515496118389,3.9375,-0.10550858236735,2016-02-08 20:43:05:696
0000 0000 0000 0000 0000 001E,-0.956732053794086,9.75,-0.154936364986897,2016-02-08 20:43:05:724
0000 0000 0000 0000 0000 001E,-0.442885487528345,22.25,-0.0717223461584364,2016-02-08 20:43:05:737
0000 0000 0000 0000 0000 001E,-0.676452761715456,-1.8125,-0.109547005945823,2016-02-08 20:43:05:754
0000 0000 0000 0000 0000 001E,-1.98061103062914,8.5,-0.325312515296327,2016-02-08 20:43:06:060
0000 0000 0000 0000 0000 001E,-2.00734164026552,-14.9375,-0.328444228022719,2016-02-08 20:43:06:116
0000 0000 0000 0000 0000 001E,-1.62793304202869,-5.75,-0.266364828256672,2016-02-08 20:43:06:161
0000 0000 0000 0000 0000 001E,-1.64568430374523,-5.75,-0.269269316129571,2016-02-08 20:43:06:190
0000 0000 0000 0000 0000 001E,-1.47956665093637,0,-0.242088898435184,2016-02-08 20:43:06:210
0000 0000 0000 0000 0000 001E,-1.52698863636364,-5.75,-0.249848154300022,2016-02-08 20:43:06:238
0000 0000 0000 0000 0000 001E,-1.39336416817274,-9.75,-0.227984319853734,2016-02-08 20:43:06:259
0000 0000 0000 0000 0000 001E,-0.583913267339888,-10.375,-0.0949195232738913,2016-02-08 20:43:07:200
0000 0000 0000 0000 0000 001E,-1.11926934097421,18.875,-0.181945707012877,2016-02-08 20:43:07:217
0000 0000 0000 0000 0000 001E,-0.768525884486416,10.375,-0.124929702165226,2016-02-08 20:43:07:232
0000 0000 0000 0000 0000 001E,0.153457081123552,-10.9375,0.0249456105863265,2016-02-08 20:43:07:257
0000 0000 0000 0000 0000 001E,-0.592143160320155,1.1875,-0.096257354698481,2016-02-08 20:43:07:290
0000 0000 0000 0000 0000 001E,0.184794024145631,-13.6875,0.0302527733935549,2016-02-08 20:43:07:337
0000 0000 0000 0000 0000 001E,-0.118568312692962,2.6875,-0.0194109106727905,2016-02-08 20:43:07:395
0000 0000 0000 0000 0000 001E,0.00836312837201303,6.375,0.00136913424916994,2016-02-08 20:43:07:454
0000 0000 0000 0000 0000 001E,0.458089019189765,-1.8125,0.0749941095535769,2016-02-08 20:43:07:465
0000 0000 0000 0000 0000 001E,0.0175495543255573,-3.9375,0.00287305118563012,2016-02-08 20:43:07:493
0000 0000 0000 0000 0000 001E,0.0187447214864314,1.1875,0.0030421511744276,2016-02-08 20:43:07:545
0000 0000 0000 0000 0000 001E,0.440886004514666,-5.1875,0.0715530437405463,2016-02-08 20:43:07:551
0000 0000 0000 0000 0000 001E,0.0626338861951319,1.1875,0.0101650883735675,2016-02-08 20:43:07:590
0000 0000 0000 0000 0000 001E,-0.231632471537006,1.8125,-0.0375925028190976,2016-02-08 20:43:07:601
0000 0000 0000 0000 0000 001E,0.137075145377983,-1.1875,0.0222464396069218,2016-02-08 20:43:07:626
0000 0000 0000 0000 0000 001E,0.188325619515957,6.375,0.0305640713306936,2016-02-08 20:43:07:636
0000 0000 0000 0000 0000 001E,0.453329542289481,3.9375,0.0735725521703241,2016-02-08 20:43:07:668
0000 0000 0000 0000 0000 001E,0.164315940907258,-1.1875,0.0266674505124033,2016-02-08 20:43:07:683
0000 0000 0000 0000 0000 001E,0.0868827846975118,5.1875,0.0142469720739292,2016-02-08 20:43:07:728
0000 0000 0000 0000 0000 001E,0.113747767510483,11.5625,0.0186522712506941,2016-02-08 20:43:07:754
0000 0000 0000 0000 0000 001E,-0.19267921736271,16.125,-0.0315953895648062,2016-02-08 20:43:07:784
0000 0000 0000 0000 0000 001E,0.519132556196841,5.75,0.0851269564684626,2016-02-08 20:43:07:804
0000 0000 0000 0000 0000 001E,-0.341187003231724,4.5625,-0.0559475818363034,2016-02-08 20:43:07:827
0000 0000 0000 0000 0000 001E,-0.188822404220645,4.5625,-0.0309629523182254,2016-02-08 20:43:07:863
0000 0000 0000 0000 0000 001E,0.14801385146514,-9.125,0.0242711972886264,2016-02-08 20:43:07:893
0000 0000 0000 0000 0000 001E,-0.184326632691582,-4.5625,-0.0303918602953969,2016-02-08 20:43:07:969
0000 0000 0000 0000 0000 001E,-0.0268943983916728,-3.3125,-0.00443436082302932,2016-02-08 20:43:08:005
0000 0000 0000 0000 0000 001E,-3.93816678453737,8.5,-0.649326757549443,2016-02-08 20:43:08:072
0000 0000 0000 0000 0000 001E,0.0446448980524822,7,0.0073610714018932,2016-02-08 20:43:08:093
0000 0000 0000 0000 0000 001E,0.0689906393500528,-1.1875,0.0111786075101355,2016-02-08 20:43:08:173
0000 0000 0000 0000 0000 001E,1.14839041599294,-6.375,0.186074601565154,2016-02-08 20:43:08:180
0000 0000 0000 0000 0000 001E,0.161289263085193,-16.125,0.0261338260467501,2016-02-08 20:43:08:213
0000 0000 0000 0000 0000 001E,-2.32918202515178,37.8125,-0.377399193921433,2016-02-08 20:43:08:225
0000 0000 0000 0000 0000 001E,0.696201967633849,20.125,0.112806151925549,2016-02-08 20:43:08:253
0000 0000 0000 0000 0000 001E,0.502890210618468,23.1875,0.0814836960224361,2016-02-08 20:43:08:272
0000 0000 0000 0000 0000 001E,0.803549895017591,3.9375,0.131693509153388,2016-02-08 20:43:08:821
0000 0000 0000 0000 0000 001E,0.870426610120759,7,0.142653910426784,2016-02-08 20:43:08:839
0000 0000 0000 0000 0000 001E,1.17189320416628,4.5625,0.192061164299308,2016-02-08 20:43:08:882
0000 0000 0000 0000 0000 001E,1.64728001124543,-7,0.269972140602911,2016-02-08 20:43:08:896
0000 0000 0000 0000 0000 001E,1.40350466580301,1.8125,0.230019885135702,2016-02-08 20:43:08:921
0000 0000 0000 0000 0000 001E,2.78681420819936,16.75,0.455734130531375,2016-02-08 20:43:08:981
0000 0000 0000 0000 0000 001E,2.85674768254692,20.75,0.467170512272595,2016-02-08 20:43:09:032
0000 0000 0000 0000 0000 001E,1.34894394459792,31.125,0.219638091386365,2016-02-08 20:43:09:221
0000 0000 0000 0000 0000 001E,2.75171916930959,9.75,0.454203989432119,2016-02-08 20:43:09:464
0000 0000 0000 0000 0000 001E,3.48747159295866,-18.25,0.564163644048314,2016-02-08 20:43:09:638
0000 0000 0000 0000 0000 001E,1.3997903359654,17.6875,0.231817334137245,2016-02-08 20:43:09:812
0000 0000 0000 0000 0000 001E,2.09903434542302,1.8125,0.347618163746567,2016-02-08 20:43:09:839
0000 0000 0000 0000 0000 001E,1.64701746531279,11.5625,0.27276027579014,2016-02-08 20:43:09:868
0000 0000 0000 0000 0000 001E,1.70555986082917,10.9375,0.282455400634144,2016-02-08 20:43:09:923
0000 0000 0000 0000 0000 001E,-0.223526513224822,3.9375,-0.0364544462992371,2016-02-08 20:43:10:335
0000 0000 0000 0000 0000 001E,-0.67727477633678,15.5625,-0.111180537839143,2016-02-08 20:43:10:370
0000 0000 0000 0000 0000 001E,-3.23305701233691,9.4375,-0.530734393270082,2016-02-08 20:43:10:452
0000 0000 0000 0000 0000 001E,-1.09116102087535,-9.75,-0.179614982860139,2016-02-08 20:43:10:801
0000 0000 0000 0000 0000 001E,-1.47618352342998,9.125,-0.242993172581067,2016-02-08 20:43:10:839
0000 0000 0000 0000 0000 001E,-1.44624911847673,5.1875,-0.238065698514688,2016-02-08 20:43:10:874
0000 0000 0000 0000 0000 001E,-1.9348714953271,0,-0.317452255180821,2016-02-08 20:43:11:043
0000 0000 0000 0000 0000 001E,2.14129983388704,-14.9375,0.348273217764225,2016-02-08 20:43:11:245
0000 0000 0000 0000 0000 001E,-0.235884661835749,-5.75,-0.0387649403181181,2016-02-08 20:43:11:813
0000 0000 0000 0000 0000 001E,-0.0910123485554517,0,-0.0149568362457603,2016-02-08 20:43:11:824
0000 0000 0000 0000 0000 001E,-0.205086328453139,-0.5625,-0.0337035872560622,2016-02-08 20:43:11:857
0000 0000 0000 0000 0000 001E,-0.145116650568392,-7,-0.0238482581049125,2016-02-08 20:43:11:870
0000 0000 0000 0000 0000 001E,0.0186601922268506,-3.3125,0.00306658869792121,2016-02-08 20:43:11:897
0000 0000 0000 0000 0000 001E,0.0951722541662603,-7.875,0.0155045757533957,2016-02-08 20:43:12:195
0000 0000 0000 0000 0000 001E,-0.549866272522522,-7,-0.08957908322387,2016-02-08 20:43:12:211
0000 0000 0000 0000 0000 001E,-0.453886722784549,-2.6875,-0.0739429904074747,2016-02-08 20:43:12:269
0000 0000 0000 0000 0000 001E,-1.06156195171256,15.5625,-0.172939769488878,2016-02-08 20:43:12:295
0000 0000 0000 0000 0000 001E,0.044350901494164,0,0.00722523510629877,2016-02-08 20:43:12:317
0000 0000 0000 0000 0000 001E,0.16897883790144,-1.8125,0.0275284558079999,2016-02-08 20:43:12:331
0000 0000 0000 0000 0000 001E,-0.302750338199651,18.25,-0.0493212606352947,2016-02-08 20:43:12:367
0000 0000 0000 0000 0000 001E,-0.0768734994292909,7.875,-0.0124424331420487,2016-02-08 20:43:12:838
0000 0000 0000 0000 0000 001E,-0.183587385637298,6.375,-0.0297147103810032,2016-02-08 20:43:12:854
0000 0000 0000 0000 0000 001E,0.394123313602644,-8.5,0.0637912026332848,2016-02-08 20:43:12:880
0000 0000 0000 0000 0000 001E,-0.0176325743897154,9.125,-0.00285393704716192,2016-02-08 20:43:12:908
0000 0000 0000 0000 0000 001E,0.31880468137895,-4.5625,0.0516004339971325,2016-02-08 20:43:12:923
0000 0000 0000 0000 0000 001E,0.187903724573941,-1.1875,0.0304133355123724,2016-02-08 20:43:12:941
0000 0000 0000 0000 0000 001E,0.372490055579773,-16.125,0.0602897311432058,2016-02-08 20:43:12:969
0000 0000 0000 0000 0000 001E,0.656106347241869,1.1875,0.106424387224958,2016-02-08 20:43:13:464
0000 0000 0000 0000 0000 001E,-0.0478004160548229,-1.8125,-0.00775351436412375,2016-02-08 20:43:13:484
0000 0000 0000 0000 0000 001E,-0.0266456343792622,3.3125,-0.00432208181334343,2016-02-08 20:43:13:503
0000 0000 0000 0000 0000 001E,0.119145295495582,-8.5,0.0193260819944172,2016-02-08 20:43:13:523
0000 0000 0000 0000 0000 001E,-0.339969538729329,-3.9375,-0.0551450995505805,2016-02-08 20:43:13:540
0000 0000 0000 0000 0000 001E,0.0260785243143633,0.5625,0.00423009315723654,2016-02-08 20:43:13:578
0000 0000 0000 0000 0000 001E,0.0407138539147837,-5.1875,0.00660046267194547,2016-02-08 20:43:13:684
0000 0000 0000 0000 0000 001E,0.153014258480662,2.6875,0.0248064185594156,2016-02-08 20:43:13:756
0000 0000 0000 0000 0000 001E,0.0818851668623179,3.3125,0.0133617351420698,2016-02-08 20:43:14:261
0000 0000 0000 0000 0000 001E,-0.320149437219977,12.5,-0.0522408654696726,2016-02-08 20:43:14:279
0000 0000 0000 0000 0000 001E,0.193442555298779,-12.5,0.0315652796244948,2016-02-08 20:43:14:309
0000 0000 0000 0000 0000 001E,0,-10.9375,0,2016-02-08 20:43:14:323
0000 0000 0000 0000 0000 001E,-0.0327804538283385,4.5625,-0.00534899980881237,2016-02-08 20:43:14:390
0000 0000 0000 0000 0000 001E,-0.559089998282476,14.9375,-0.0912303505492209,2016-02-08 20:43:14:408
0000 0000 0000 0000 0000 001E,0.403655964306555,-5.1875,0.0656885214493986,2016-02-08 20:43:14:656
0000 0000 0000 0000 0000 001E,-0.30228373970189,10.375,-0.0491918209441644,2016-02-08 20:43:14:677
0000 0000 0000 0000 0000 001E,-0.167563915579958,10.9375,-0.0272683345126051,2016-02-08 20:43:14:686
0000 0000 0000 0000 0000 001E,0.165212910538663,-3.3125,0.0268857462227278,2016-02-08 20:43:14:730
0000 0000 0000 0000 0000 001E,-0.297704542256824,7.875,-0.048446630147571,2016-02-08 20:43:14:773
0000 0000 0000 0000 0000 001E,-0.126231441814086,20.75,-0.0205421386190539,2016-02-08 20:43:14:800
0000 0000 0000 0000 0000 001E,0.445791726105564,-0.5625,0.0725454395615238,2016-02-08 20:43:14:817
0000 0000 0000 0000 0000 001E,-0.926133061062161,20.125,-0.150958934158462,2016-02-08 20:43:15:082
0000 0000 0000 0000 0000 001E,0.567904850682447,-10.375,0.0925680278210998,2016-02-08 20:43:15:112
0000 0000 0000 0000 0000 001E,0.343662022522234,-18.875,0.0560166295879762,2016-02-08 20:43:15:127
0000 0000 0000 0000 0000 001E,-0.530085738958796,-2.6875,-0.0864035434325666,2016-02-08 20:43:15:148
0000 0000 0000 0000 0000 001E,0.131073417891416,3.9375,0.0213648602919994,2016-02-08 20:43:15:162
0000 0000 0000 0000 0000 001E,0.219748537353739,-5.75,0.0358773122210187,2016-02-08 20:43:15:651
0000 0000 0000 0000 0000 001E,0.0530682806216694,0.5625,0.00866420908108889,2016-02-08 20:43:15:670
0000 0000 0000 0000 0000 001E,-0.32083896108637,3.9375,-0.0523818711977746,2016-02-08 20:43:15:697
0000 0000 0000 0000 0000 001E,-0.287598231446462,9.125,-0.0469548132973816,2016-02-08 20:43:15:771
0000 0000 0000 0000 0000 001E,1.22474478278318,-6.375,0.199958331882968,2016-02-08 20:43:15:781
0000 0000 0000 0000 0000 001E,-0.0328322518827314,0,-0.00536036765432349,2016-02-08 20:43:15:811
0000 0000 0000 0000 0000 001E,-0.168094619250893,0.5625,-0.0274440194695336,2016-02-08 20:43:15:826
0000 0000 0000 0000 0000 001E,-0.241928705407701,1.8125,-0.0391787377178464,2016-02-08 20:43:15:876
0000 0000 0000 0000 0000 001E,0.0640873146082169,10.375,0.0103785124871606,2016-02-08 20:43:15:899
0000 0000 0000 0000 0000 001E,-0.200328731435136,1.8125,-0.0324418998275524,2016-02-08 20:43:15:931
0000 0000 0000 0000 0000 001E,-0.042124077988181,5.75,-0.00682171303452324,2016-02-08 20:43:16:025
0000 0000 0000 0000 0000 001E,-0.162820117376371,22.875,-0.0266408700370392,2016-02-08 20:43:16:288
0000 0000 0000 0000 0000 001E,0.27532069354384,13.0625,0.0450483818179177,2016-02-08 20:43:16:310
0000 0000 0000 0000 0000 001E,0.0651128483797837,-10.375,0.0106538612020372,2016-02-08 20:43:16:317
0000 0000 0000 0000 0000 001E,0,12.5,0,2016-02-08 20:43:16:340
0000 0000 0000 0000 0000 001E,-0.196428212245555,-18.25,-0.0321398765604944,2016-02-08 20:43:16:365
0000 0000 0000 0000 0000 001E,0.376585878451334,-14.3125,0.0616175421518409,2016-02-08 20:43:16:385
0000 0000 0000 0000 0000 001E,-0.972904379532956,2.6875,-0.159188063190557,2016-02-08 20:43:16:397
0000 0000 0000 0000 0000 001E,0.771022756214344,-20.75,0.126155891390403,2016-02-08 20:43:16:417
0000 0000 0000 0000 0000 001E,-0.102812286150445,-0.5625,-0.0168222993428598,2016-02-08 20:43:16:436
0000 0000 0000 0000 0000 001E,-0.195328126250104,-6.375,-0.03171769303114,2016-02-08 20:43:16:871
0000 0000 0000 0000 0000 001E,0.213528414963823,-9.75,0.0346730849738278,2016-02-08 20:43:16:896
0000 0000 0000 0000 0000 001E,-0.408701273466452,-5.1875,-0.0663655653802087,2016-02-08 20:43:16:905
0000 0000 0000 0000 0000 001E,-0.0307230384445993,-1.8125,-0.00498885603971842,2016-02-08 20:43:16:936
0000 0000 0000 0000 0000 001E,-0.312083888149133,5.1875,-0.0506766800783437,2016-02-08 20:43:16:955
0000 0000 0000 0000 0000 001E,-0.0350399174739901,5.1875,-0.00568983774949771,2016-02-08 20:43:16:969
0000 0000 0000 0000 0000 001E,0.408140038211237,-11.5625,0.0662744311033132,2016-02-08 20:43:16:986
0000 0000 0000 0000 0000 001E,-0.219657285971346,-3.3125,-0.0356683008343187,2016-02-08 20:43:17:015
0000 0000 0000 0000 0000 001E,0.0265659004352547,-0.5625,0.00431381333184108,2016-02-08 20:43:17:033
0000 0000 0000 0000 0000 001E,-0.224716677213369,1.1875,-0.0367084144644762,2016-02-08 20:43:17:078
0000 0000 0000 0000 0000 001E,-0.165884576184813,-1.1875,-0.027097943291829,2016-02-08 20:43:17:102
0000 0000 0000 0000 0000 001E,0.164107465445532,4.5625,0.0268076447773806,2016-02-08 20:43:17:126
0000 0000 0000 0000 0000 001E,0.141612891531324,-10.375,0.0231330615079756,2016-02-08 20:43:17:146
0000 0000 0000 0000 0000 001E,-0.212009419625629,7,-0.0346326304860815,2016-02-08 20:43:17:167
0000 0000 0000 0000 0000 001E,0.350992888683509,-4.5625,0.057336164772694,2016-02-08 20:43:17:187
0000 0000 0000 0000 0000 001E,-0.0995273644516927,-1.1875,-0.016258213632185,2016-02-08 20:43:17:201
0000 0000 0000 0000 0000 001E,-0.215336236640032,2.6875,-0.0351760800392102,2016-02-08 20:43:17:240
0000 0000 0000 0000 0000 001E,0.170780788512358,-10.9375,0.0277617104056936,2016-02-08 20:43:17:330
0000 0000 0000 0000 0000 001E,-1.13860938811678,5.1875,-0.185089578127897,2016-02-08 20:43:17:340
0000 0000 0000 0000 0000 001E,0.0836609656100844,-1.8125,0.0135997234803714,2016-02-08 20:43:17:381
0000 0000 0000 0000 0000 001E,0.48338695705977,9.125,0.078578210305029,2016-02-08 20:43:17:389
0000 0000 0000 0000 0000 001E,0.218781822810591,-8.5,0.0355646420174355,2016-02-08 20:43:17:414
0000 0000 0000 0000 0000 001E,-0.110826082844713,-7,-0.018015618993993,2016-02-08 20:43:17:440
0000 0000 0000 0000 0000 001E,0.929263012655819,-5.1875,0.152130370421144,2016-02-08 20:43:17:484
0000 0000 0000 0000 0000 001E,-0.614099374861286,6.375,-0.100534686198301,2016-02-08 20:43:17:511
0000 0000 0000 0000 0000 001E,-0.439565883204822,12.5,-0.0719616725574061,2016-02-08 20:43:17:630
0000 0000 0000 0000 0000 001E,-0.719394577541478,14.3125,-0.117772645709382,2016-02-08 20:43:17:646
0000 0000 0000 0000 0000 001E,-0.0150471879815094,-3.3125,-0.00244206458991227,2016-02-08 20:43:17:705
0000 0000 0000 0000 0000 001E,-0.0977083611259347,13.0625,-0.015857456498664,2016-02-08 20:43:17:720
0000 0000 0000 0000 0000 001E,0,13.6875,0,2016-02-08 20:43:17:740
0000 0000 0000 0000 0000 001E,0.185285886594026,2.6875,0.0300707416706562,2016-02-08 20:43:17:758
0000 0000 0000 0000 0000 001E,0.0286751967347886,0,0.00465380525855374,2016-02-08 20:43:17:776
0000 0000 0000 0000 0000 001E,-0.208466752054648,1.1875,-0.0338328512936945,2016-02-08 20:43:17:785
0000 0000 0000 0000 0000 001E,0.351061855267273,-10.9375,0.056975145566774,2016-02-08 20:43:17:817
0000 0000 0000 0000 0000 001E,-0.752671636924171,5.1875,-0.122153903747499,2016-02-08 20:43:17:834
0000 0000 0000 0000 0000 001E,-0.0758318450069886,7.875,-0.0122870934388855,2016-02-08 20:43:18:368
0000 0000 0000 0000 0000 001E,-0.214524347083232,7.875,-0.0347595485417064,2016-02-08 20:43:18:388
0000 0000 0000 0000 0000 001E,0.118751216012452,15.5625,0.0192413528510589,2016-02-08 20:43:18:409
0000 0000 0000 0000 0000 001E,0.3014368054896,-7,0.0488420424773859,2016-02-08 20:43:18:430
0000 0000 0000 0000 0000 001E,0,0.5625,0,2016-02-08 20:43:18:454
0000 0000 0000 0000 0000 001E,-0.48410038305543,10.9375,-0.078439165496424,2016-02-08 20:43:18:465
0000 0000 0000 0000 0000 001E,-0.159540961871969,-5.75,-0.0261328356874642,2016-02-08 20:43:18:532
0000 0000 0000 0000 0000 001E,-0.0302904001240683,0.5625,-0.00496157250189489,2016-02-08 20:43:18:548
0000 0000 0000 0000 0000 001E,-0.087536975618501,-5.75,-0.0143385709448814,2016-02-08 20:43:18:570
0000 0000 0000 0000 0000 001E,0.23557738698316,11.25,0.0385876145754561,2016-02-08 20:43:18:591
0000 0000 0000 0000 0000 001E,-0.152965959900891,25.3125,-0.0250558492876153,2016-02-08 20:43:18:626
0000 0000 0000 0000 0000 001E,0.306170836468524,-7,0.0501508331643774,2016-02-08 20:43:18:642
0000 0000 0000 0000 0000 001E,0.028075048873045,-3.3125,0.00459117724824939,2016-02-08 20:43:19:106
